0.000000000000000000e+00
0.000000000000000000e+00
3.981841939536574142e-08
7.965365158548240243e-09
2.655415345563354006e-09
1.138130752403810134e-09
5.690922093662792183e-10
3.161691707455119635e-10
1.897000938841787563e-10
1.207143165886086694e-10
8.047146043554062678e-11
5.570634790168973210e-11
3.978591363589384076e-11
2.917245105642150564e-11
2.187589146461516791e-11
1.672558995696329242e-11
1.300612629224806429e-11
1.026565139791142306e-11
8.210458652047271776e-12
6.644741573557026556e-12
5.434996783281194223e-12
4.488350965093974287e-12
3.739021235210149861e-12
3.139642732389284077e-12
2.655605108818556586e-12
2.261270007172759071e-12
1.937410800529828144e-12
1.669440816481868005e-12
1.446178734660898116e-12
1.258967197478279152e-12
1.101044124256847569e-12
9.670810632302253537e-13
8.528478146465907354e-13
7.549595569110696719e-13
6.706906346422567905e-13
5.978304758790697975e-13
5.345765559135291007e-13
4.794493704538645121e-13
4.312290288589965917e-13
3.889034669177281709e-13
3.516298886713334613e-13
3.187023038593383855e-13
2.895275408160702631e-13
2.636043524416650017e-13
2.405081974440102644e-13
2.198774582666371406e-13
2.014036223975326039e-13
1.848219799564981566e-13
1.699052000101027822e-13
1.564569138225448528e-13
1.443074651109763602e-13
1.333093914031083813e-13
1.233345891950533345e-13
1.142710684419852714e-13
1.060210519457259522e-13
9.849859971262766218e-14
9.162833287144067650e-14
8.534366292959559905e-14
7.958593766029037109e-14
7.430309800943320534e-14
6.944911171896118915e-14
6.498293743946749292e-14
6.086815590929501963e-14
5.707215819784279950e-14
5.356591319288456590e-14
5.032332180944870012e-14
4.732107879118258810e-14
4.453815156915754887e-14
4.195570736472240065e-14
3.955668694186666343e-14
3.732577679654704877e-14
3.524905612419178677e-14
3.331399990115511462e-14
3.150918308765784357e-14
2.982430459465616852e-14
2.824993676903011748e-14
2.677756319082933797e-14
2.539936441191020796e-14
2.410826457102324663e-14
2.289774649115270803e-14
2.176190356196260845e-14
2.069527887210370814e-14
1.969291984428674012e-14
1.875023725573597376e-14
1.786306085751412598e-14
1.702751499772332253e-14
1.624007400632870416e-14
1.549745180237505339e-14
1.479665620639300452e-14
1.413489042448969015e-14
1.350960572963838361e-14
1.291841311891436197e-14
1.235913399571031501e-14
1.182972060616419063e-14
1.132830449721214493e-14
1.085312459123175256e-14
1.040257330116171674e-14
9.975131265584652239e-15
9.569411105908753588e-15
9.184098000374594395e-15
8.817991095749154515e-15
8.469949244806736614e-15
8.138930111734387103e-15
7.823940503693955370e-15
7.524073227093941557e-15
7.238461526158182908e-15
6.966313778388417420e-15
6.706871602518892594e-15
6.459442500717152111e-15
6.223361253468427330e-15
5.998020617993389775e-15
5.782835687328960261e-15
5.577272745083928000e-15
5.380816307100130363e-15
5.192996232092498972e-15
5.013357202444561211e-15
4.841484185584041030e-15
4.676974139976094352e-15
4.519459922644472670e-15
4.368584020873649004e-15
4.224021003277498717e-15
4.085453102340938807e-15
3.952591303974632641e-15
3.825152615091323830e-15
3.702879881850046015e-15
3.585520606188976503e-15
3.472845566637681578e-15
3.364629062671891784e-15
3.260666414066208035e-15
3.160755517704197560e-15
3.064713295234885558e-15
2.972358464776897440e-15
2.883526999245011487e-15
2.798056025088929748e-15
2.715798349024869288e-15
2.636607399820942909e-15
2.560350886782212030e-15
2.486896703512981064e-15
2.416125773346835130e-15
2.347918848191818303e-15
2.282168589512000806e-15
2.218767197200950791e-15
2.157617776805289396e-15
2.098622737624734362e-15
2.041694492153305720e-15
1.986744570437058505e-15
1.933693690590172676e-15
1.882461543563861705e-15
1.832976271377634675e-15
1.785164877205331965e-15
1.738962148356468817e-15
1.694301651130498655e-15
1.651124129919016074e-15
1.609369049460882924e-15
1.568982502222023018e-15
1.529909261197630857e-15
1.492100226865657310e-15
1.455504955722993169e-15
1.420078675787626767e-15
1.385775260596422896e-15
1.352553838321202583e-15
1.320372183171064445e-15
1.289192942044555705e-15
1.258977418626693812e-15
1.229691438604293059e-15
1.201299502798926718e-15
1.173770312073298316e-15
1.147071267252065049e-15
1.121173672761758803e-15
1.096047562620893700e-15
1.071666601537966710e-15
1.048003217805728055e-15
1.025033217939514865e-15
1.002731209242152377e-15
9.810749442157672253e-16
9.600410156974819509e-16
9.396089459912324126e-16
9.197571389808192247e-16
9.004667281495267841e-16
8.817177709596144481e-16
8.634928691156413008e-16
8.457735914001178435e-16
8.285438787572334020e-16
8.117866828004545663e-16
7.954871672048315718e-16
7.796295498180900474e-16
7.642001121757782198e-16
7.491842325724718672e-16
7.345692154989986654e-16
7.203415040780066997e-16
7.064893393526701963e-16
6.930001425519881955e-16
6.798630130213424120e-16
6.670662710402374394e-16
6.545998032373576194e-16
6.424527570497354648e-16
6.306157418532180292e-16
6.190786665226553133e-16
6.078328044912126676e-16
5.968687665035103116e-16
5.861784364956568839e-16
5.757530725097237723e-16
5.655851203518363786e-16
5.556664355402660496e-16
5.459899812509966535e-16
5.365481651178432436e-16
5.273344271962883773e-16
5.183416854149872310e-16
5.095638197674924616e-16
5.009942204099483437e-16
4.926271733406608612e-16
4.844565059486954896e-16
4.764768793784869364e-16
4.686825261045379875e-16
4.610684539877711553e-16
4.536292712018063873e-16
4.463603064319377157e-16
4.392565164300540489e-16
4.323135267999351754e-16
4.255266180316931394e-16
4.188916908540640359e-16
4.124043265183142894e-16
4.060606807809367099e-16
3.998566144487036899e-16
3.937885199393725442e-16
3.878525179747720129e-16
3.820452207239233926e-16
3.763629908948530651e-16
3.708026447803591812e-16
3.653607704687978434e-16
3.600343741829698639e-16
3.548202539708090883e-16
3.497155927661894232e-16
3.447173845474531646e-16
3.398229767207595239e-16
3.350295459909713842e-16
3.303345931242023106e-16
3.257354652924087696e-16
3.212298062875727358e-16
3.168151224556713709e-16
3.124891910046525963e-16
3.082496670013364096e-16
3.040944522500947956e-16
3.000213408429655194e-16
2.960283509596662039e-16
2.921134067169090754e-16
2.882746351653506712e-16
2.845100819974802179e-16
2.808179761891451646e-16
2.771964772329168829e-16
2.736439095649088276e-16
2.701585392277411680e-16
2.667387801560734128e-16
2.633829981495318532e-16
2.600896911281902702e-16
2.568573183346784757e-16
2.536844565707102164e-16
2.505696526346161163e-16
2.475115574482940314e-16
2.445087998711315073e-16
2.415601005192210064e-16
2.386641652127663927e-16
2.358197801811880322e-16
2.330257233558213349e-16
2.302808428659539672e-16
2.275839842743070476e-16
2.249340541044982627e-16
2.223299613451659736e-16
2.197706676719582644e-16
2.172551415850176808e-16
2.147823969037489004e-16
2.123514579516389395e-16
2.099613878456635995e-16
2.076112632685055867e-16
2.053001941029288430e-16
2.030273060804803090e-16
2.007917534394049607e-16
1.985927079027986587e-16
1.964293658582602135e-16
1.943009420874036089e-16
1.922066730670890838e-16
1.901458139763788547e-16
1.881176394392913197e-16
1.861214424236340160e-16
1.841565339561494721e-16
1.822222423893744571e-16
1.803179134643734297e-16
1.784429086916201913e-16
1.765966069539307299e-16
1.747784007476432624e-16
1.729877006956653676e-16
1.712239282494297741e-16
1.694865244283526880e-16
1.677749377439019485e-16
1.660886383474665176e-16
1.644271000001104367e-16
1.627898208406593724e-16
1.611762981748888840e-16
1.595860570373378031e-16
1.580186166570598491e-16
1.564735279615428063e-16
1.549503305653373385e-16
1.534486003631360095e-16
1.519678958934369824e-16
1.505078171474389589e-16
1.490679402026861499e-16
1.476478883431110460e-16
1.462472538741418440e-16
1.448656826000819583e-16
1.435027818261611350e-16
1.421582191627870012e-16
1.408316157377583901e-16
1.395226602961709603e-16
1.382309866720492862e-16
1.369563041100331449e-16
1.356982580907011751e-16
1.344565777638300378e-16
1.332309192521620110e-16
1.320210310470662325e-16
1.308265789580772962e-16
1.296473302892983770e-16
1.284829596315310867e-16
1.273332525950283505e-16
1.261978917010628210e-16
1.250766803826871333e-16
1.239693082824689106e-16
1.228755961958837632e-16
1.217952401195664604e-16
1.207280777669996295e-16
1.196738107665925791e-16
1.186322933226415299e-16
1.176032320170749217e-16
1.165864971259704536e-16
1.155817995514389898e-16
1.145890252333949831e-16
1.136078887994686752e-16
1.126382914559105976e-16
1.116799510023623932e-16
1.107327835216453581e-16
1.097965094711434007e-16
1.088710594236173878e-16
1.079561560197860908e-16
1.070517439346071861e-16
1.061575475613596781e-16
1.052735252896517548e-16
1.043994028741586891e-16
1.035351520295665584e-16
1.026804995184069454e-16
1.018354299845847493e-16
1.009996708907899552e-16
1.001732193962890715e-16
9.935580340890108546e-17
9.854743218185652638e-17
9.774783384654713936e-17
9.695702932208440035e-17
9.617474678074816967e-17
9.540101836588740042e-17
9.463557215886962859e-17
9.387845106381919172e-17
9.312938298840939671e-17
9.238842111170108137e-17
9.165529313934207437e-17
9.093006201215058697e-17
9.021245525923552472e-17
8.950254503358175714e-17
8.880005877234450742e-17
8.810507726714351016e-17
8.741732801128118815e-17
8.673689981869558922e-17
8.606352043832004250e-17
8.539728604447242335e-17
8.473792494420189728e-17
8.408553993168807570e-17
8.343986025930128539e-17
8.280099454600687865e-17
8.216867345508720203e-17
8.154301058936545439e-17
8.092373857169210197e-17
8.031097505775830194e-17
7.970445530552310944e-17
7.910429999155585623e-17
7.851024783348824589e-17
7.792242135945893719e-17
7.734056373468539955e-17
7.676479802901944192e-17
7.619487305451672939e-17
7.563091091196878005e-17
7.507266750597616914e-17
7.452026223164728477e-17
7.397345987382292114e-17
7.343237504381923477e-17
7.289678366315973725e-17
7.236679303273755610e-17
7.184219315908780079e-17
7.132308080225011161e-17
7.080926413757447017e-17
7.030082502964431092e-17
6.979759605267540218e-17
6.929963764851316349e-17
6.880681848683380430e-17
6.831916548286820290e-17
6.783662653860451557e-17
6.735915081622999474e-17
6.688668795177525948e-17
6.641918878381205815e-17
6.595660458968046961e-17
6.549888781377269881e-17
6.504599129333756416e-17
6.459786899420397872e-17
6.415447523831446044e-17
6.371576544451985497e-17
6.328169534358605522e-17
6.285222172896554662e-17
6.242730167237528665e-17
6.200689327413738414e-17
6.159095488357733795e-17
6.117944583958656357e-17
6.077232571018862057e-17
6.036955500690307682e-17
5.997109446651013685e-17
5.957690572012697522e-17
5.918695060762087720e-17
5.880119182791272872e-17
5.841959228057210977e-17
5.804211567875232008e-17
5.766872592559262876e-17
5.729938770564810113e-17
5.693406587811201464e-17
5.657272604787372253e-17
5.621533398000492641e-17
5.586185615986603052e-17
5.551225921676825937e-17
5.516651047663262901e-17
5.482457738822452152e-17
5.448642807707646689e-17
5.415203077171506934e-17
5.382135436051898647e-17
5.349436782102979639e-17
5.317104076411697691e-17
5.285134287930650702e-17
5.253524447088297273e-17
5.222271590641386258e-17
5.191372815044909897e-17
5.160825222238618639e-17
5.130625971017646364e-17
5.100772225853850764e-17
5.071261205122729868e-17
5.042090132790318764e-17
5.013256283627724282e-17
4.984756938789451600e-17
4.956589426581539231e-17
4.928751082487805736e-17
4.901239286062223566e-17
4.874051424861365243e-17
4.847184928232857286e-17
4.820637233400952596e-17
4.794405817579547973e-17
4.768488165832058130e-17
4.742881801499105230e-17
4.717584255328298720e-17
4.692593095346375737e-17
4.667905896190831961e-17
4.643520268416918366e-17
4.619433828966671451e-17
4.595644228820362123e-17
4.572149126158398766e-17
4.548946210153405425e-17
4.526033178662072331e-17
4.503407758045493844e-17
4.481067684419591480e-17
4.459010719382626384e-17
4.437234635936624932e-17
4.415737230092370063e-17
4.394516310142812729e-17
4.373569705272316479e-17
4.352895257967812470e-17
4.332490829849105866e-17
4.312354296039685830e-17
4.292483549595591555e-17
4.272876497204533985e-17
4.253531062285404266e-17
4.234445182160158094e-17
4.215616809491111045e-17
4.197043910976858434e-17
4.178724467642250108e-17
4.160656474683183911e-17
4.142837940181217853e-17
4.125266887773818053e-17
4.107941352025763599e-17
4.090859384562905547e-17
4.074019046006433952e-17
4.057418415255939692e-17
4.041055579440686715e-17
4.024928644046644715e-17
4.009035722287661414e-17
3.993374946568534728e-17
3.977944455324077736e-17
3.962742407894383429e-17
3.947766967361650098e-17
3.933016319829051925e-17
3.918488653398202296e-17
3.904182180499782107e-17
3.890095114765483398e-17
3.876225695093132636e-17
3.862572160325575763e-17
3.849132776705925053e-17
3.835905808510416643e-17
3.822889549578272485e-17
3.810082290203515695e-17
3.797482351711783718e-17
3.785088050875389131e-17
3.772897737422800268e-17
3.760909755403221276e-17
3.749122483053584166e-17
3.737534292390594782e-17
3.726143590676294776e-17
3.714948778498746220e-17
3.703948293699343744e-17
3.693140565692361342e-17
3.682524063091521103e-17
3.672097244854570859e-17
3.661858612182867770e-17
3.651806654417911501e-17
3.641939905544003917e-17
3.632256887265178909e-17
3.622756167059316683e-17
3.613436300111897653e-17
3.604295889082551331e-17
3.595333524201164289e-17
3.586547843550071058e-17
3.577937473691831544e-17
3.569501089385338414e-17
3.561237354935892202e-17
3.553144982965434889e-17
3.545222675792121623e-17
3.537469185574291474e-17
3.529883253589317969e-17
3.522463672439058897e-17
3.515209224018795303e-17
3.508118742715917567e-17
3.501191051359948706e-17
3.494425026863513617e-17
3.487819534080716182e-17
3.481373492997147212e-17
3.475085811837379367e-17
3.468955453766849550e-17
3.462981371196139627e-17
3.457162571256692261e-17
3.451498050781750022e-17
3.445986861187048219e-17
3.440628045021798610e-17
3.435420698761945343e-17
3.430363910375643512e-17
3.425456822110257212e-17
3.420698567109606948e-17
3.416088333346789391e-17
3.411625298959247860e-17
3.407308696707082531e-17
3.403137749877664315e-17
3.399111735467924344e-17
3.395229920918932103e-17
3.391491625721781368e-17
3.387896161456323330e-17
3.384442888916318281e-17
3.381131162551828819e-17
3.377960383134555644e-17
3.374929946980327876e-17
3.372039293266883898e-17
3.369287858370188233e-17
3.366675117898799216e-17
3.364200547012150783e-17
3.361863655471964087e-17
3.359663954691952109e-17
3.357600986575053453e-17
3.355674296712750832e-17
3.353883456501815148e-17
3.352228042775813999e-17
3.350707653575289815e-17
3.349321893736748384e-17
3.348070384924027365e-17
3.346952756489655776e-17
3.345968650508881733e-17
3.345117717390500908e-17
3.344399616344233815e-17
3.343814014328281821e-17
3.343360585317579157e-17
3.343039008425743129e-17
3.342848968699771983e-17
3.342790154052217226e-17
3.342862255535163646e-17
3.343064966009117750e-17
3.343397978101151009e-17
3.343860984560541773e-17
3.344453674987152164e-17
3.345175737009139471e-17
3.346026852326237545e-17
3.347006697759015755e-17
3.348114941813838415e-17
3.349351246033051374e-17
3.350715259864427286e-17
3.352206623604148652e-17
3.353824962218781396e-17
3.355569889104505225e-17
3.357440998393209627e-17
3.359437871087375145e-17
3.361560064837656939e-17
3.363807121114141932e-17
3.366178554879594426e-17
3.368673862402989006e-17
3.371292508834865624e-17
3.374033938358408365e-17
3.376897560102500497e-17
3.379882759174818760e-17
3.382988880939561272e-17
3.386215244903999619e-17
3.389561125888320976e-17
3.393025770071709732e-17
3.396608373534695461e-17
3.400308101787072453e-17
3.404124065125279707e-17
3.408055339729194706e-17
3.412100941972647540e-17
3.416259849975361529e-17
3.420530978668166882e-17
3.424913199190861093e-17
3.429405316734833594e-17
3.434006088134959765e-17
3.438714200194066146e-17
3.443528286751952643e-17
3.448446908954757324e-17
3.453468568689196621e-17
3.458591691864366205e-17
3.463814641161107555e-17
3.469135698030333993e-17
3.474553075435681459e-17
3.480064902697305744e-17
3.485669233520942071e-17
3.491364035511888918e-17
3.497147194690212425e-17
3.503016507116826406e-17
3.508969682643849880e-17
3.515004337036184183e-17
3.521117995479203322e-17
3.527308084070348002e-17
3.533571934788161702e-17
3.539906776497121162e-17
3.546309738939172105e-17
3.552777845673045116e-17
3.559308017168570552e-17
3.565897063587023539e-17
3.572541688752318175e-17
3.579238482425660642e-17
3.585983924593364442e-17
3.592774378151933662e-17
3.599606093379215648e-17
3.606475200421644116e-17
3.613377714787322309e-17
3.620309528393288033e-17
3.627266417906517799e-17
3.634244032911447738e-17
3.641237908517772303e-17
3.648243449993022145e-17
3.655255948017976620e-17
3.662270563653295903e-17
3.669282343679138853e-17
3.676286204699990473e-17
3.683276951095237422e-17
3.690249257185174435e-17
3.697197688610827830e-17
3.704116681413356289e-17
3.711000567233463054e-17
3.717843549332543835e-17
3.724639732016185998e-17
3.731383096339210663e-17
3.738067527405263124e-17
3.744686794310044675e-17
3.751234575481217239e-17
3.757704442080771770e-17
3.764089879516666097e-17
3.770384276827544655e-17
3.776580945567442394e-17
3.782673110931174173e-17
3.788653928939687447e-17
3.794516483574123209e-17
3.800253799701346289e-17
3.805858842985629297e-17
3.811324534332873295e-17
3.816643748320034416e-17
3.821809329303878638e-17
3.826814092558601798e-17
3.831650838206520909e-17
3.836312354458748661e-17
3.840791432674309591e-17
3.845080869423853831e-17
3.849173484291087980e-17
3.853062121521194874e-17
3.856739668868084481e-17
3.860199058572003337e-17
3.863433288257648141e-17
3.866435421612650852e-17
3.869198609786084015e-17
3.871716093082696094e-17
3.873981221354801323e-17
3.875987457465034566e-17
3.877728396502283752e-17
3.879197770960892055e-17
3.880389468562230596e-17
3.881297537887256531e-17
3.881916207200238003e-17
3.882239888341187993e-17
3.882263196574977182e-17
3.881980953177219386e-17
3.881388206060068523e-17
3.880480230629222926e-17
3.879252551390368859e-17
3.877700940888992137e-17
3.875821441893234913e-17
3.873610364327966811e-17
3.871064307826884704e-17
3.868180156929644638e-17
3.864955103344665358e-17
3.861386639287629987e-17
3.857472579925220964e-17
3.853211053924829556e-17
3.848600526175047233e-17
3.843639785824188107e-17
3.838327968625028595e-17
3.832664542722058268e-17
3.826649330596731727e-17
3.820282492325852024e-17
3.813564547234368378e-17
3.806496354041599172e-17
3.799079133030443907e-17
3.791314442395269898e-17
3.783204201014482032e-17
3.774750661325955307e-17
3.765956432275385602e-17
3.756824449112938005e-17
3.747357996086570559e-17
3.737560673576619700e-17
3.727436420428059281e-17
3.716989478467857535e-17
3.706224414884763737e-17
3.695146083878151210e-17
3.683759649149894342e-17
3.672070543029119854e-17
3.660084488884496999e-17
3.647807458064772880e-17
3.635245692814765131e-17
3.622405659847007571e-17
3.609294075893150909e-17
3.595917856685131268e-17
3.582284144651221147e-17
3.568400255781761420e-17
3.554273706937052061e-17
3.539912163262133186e-17
3.525323463607370427e-17
3.510515569319404442e-17
3.495496587649860571e-17
3.480274722436658055e-17
3.464858295492529494e-17
3.449255699186549929e-17
3.433475416106416635e-17
3.417525973538426814e-17
3.401415961950245174e-17
3.385153991965084774e-17
3.368748710382572836e-17
3.352208760498276221e-17
3.335542795216482046e-17
3.318759441780144643e-17
3.301867313903365372e-17
3.284874975376760422e-17
3.267790956721140367e-17
3.250623716102126422e-17
3.233381658352150049e-17
3.216073098645622633e-17
3.198706276431698179e-17
3.181289328260613441e-17
3.163830293959745887e-17
3.146337099143572733e-17
3.128817554020680288e-17
3.111279343724659482e-17
3.093730022031210857e-17
3.076177009027047033e-17
3.058627579377115781e-17
3.041088866372773491e-17
3.023567845603333256e-17
3.006071346924321712e-17
2.988606031287387483e-17
2.971178410246592973e-17
2.953794818124953079e-17
2.936461437612389167e-17
2.919184267799753987e-17
2.901969153770045156e-17
2.884821754231492136e-17
2.867747572245218142e-17
2.850751923111345016e-17
2.833839966129413337e-17
2.817016672520257210e-17
2.800286858267781349e-17
2.783655153134150235e-17
2.767126033075572611e-17
2.750703790333565326e-17
2.734392565890702875e-17
2.718196319668062844e-17
2.702118865566702191e-17
2.686163839190120313e-17
2.670334734914094545e-17
2.654634873361089619e-17
2.639067439533696750e-17
2.623635449253782106e-17
2.608341788154462325e-17
2.593189178965759277e-17
2.578180219850073215e-17
2.563317352851412306e-17
2.548602900863960262e-17
2.534039038171922240e-17
2.519627825383310822e-17
2.505371182399654521e-17
2.491270921573203679e-17
2.477328720726475873e-17
2.463546157554286479e-17
2.449924682134713915e-17
2.436465650844260348e-17
2.423170298729323225e-17
2.410039774761101562e-17
2.397075112453985889e-17
2.384277219004639020e-17
2.371646988855198168e-17
2.359185126966188768e-17
2.346892374403295629e-17
2.334769253559372375e-17
2.322816357227660660e-17
2.311034040943045007e-17
2.299422757887405901e-17
2.287982711104822203e-17
2.276714223878750642e-17
2.265617359735115292e-17
2.254692321306880766e-17
2.243939045245682638e-17
2.233357623156785278e-17
2.222947875932894987e-17
2.212709793713872295e-17
2.202643092252252273e-17
2.192747668960608639e-17
2.183023144978063600e-17
2.173469333141316889e-17
2.164085769246520677e-17
2.154872189878666374e-17
2.145828054621859040e-17
2.136953031115244466e-17
2.128246511553664285e-17
2.119708102103980886e-17
2.111337135806442476e-17
2.103133164025087696e-17
2.095095467575640734e-17
2.087223549486608028e-17
2.079516644971348871e-17
2.071974214457121347e-17
2.064595453455863503e-17
2.057379785402852336e-17
2.050326371004998961e-17
2.043434601850273700e-17
2.036703608753110056e-17
2.030132756264453498e-17
2.023721149969708534e-17
2.017468131185036937e-17
2.011372785157987564e-17
2.005434433699495357e-17
1.999652145181234009e-17
1.994025225236212297e-17
1.988552729520828768e-17
1.983233950313951886e-17
1.978067933689374934e-17
1.973053961595598321e-17
1.968191073503490858e-17
1.963478543307525624e-17
1.958915406230511083e-17
1.954500930708704503e-17
1.950234149833500312e-17
1.946114328802632472e-17
1.942140500522811980e-17
1.938311928586630366e-17
1.934627647670973531e-17
1.931086921889676856e-17
1.927688789117574367e-17
1.924432516226059955e-17
1.921317146359181628e-17
1.918341950507950430e-17
1.915505978749691295e-17
1.912808507263486275e-17
1.910248595024839675e-17
1.907825524719595260e-17
1.905538364937823175e-17
1.903386406317953164e-17
1.901368727978282068e-17
1.899484629772019391e-17
1.897733201988504613e-17
1.896113754761274394e-17
1.894625391164340934e-17
1.893267432253194540e-17
1.892038995097231798e-17
1.890939412843388193e-17
1.889967817592640924e-17
1.889123555683093905e-17
1.888405775714114152e-17
1.887813838158089574e-17
1.887346909366556162e-17
1.887004365238593592e-17
1.886785390578746267e-17
1.886689378294658513e-17
1.886715533101132332e-17
1.886863265807431959e-17
1.887131802267006239e-17
1.887520572441477969e-17
1.888028824632292321e-17
1.888656009381333910e-17
1.889401398867507034e-17
1.890264465236721166e-17
1.891244506237895034e-17
1.892341017604060985e-17
1.893553324235496584e-17
1.894880947147405284e-17
1.896323240381327893e-17
1.897879751819032199e-17
1.899549866362804222e-17
1.901333160729419777e-17
1.903229052374074048e-17
1.905237148448407634e-17
1.907356900531065597e-17
1.909587948164500036e-17
1.911929778882106114e-17
1.914382066110980664e-17
1.916944335240332210e-17
1.919616295730464217e-17
1.922397512158258633e-17
1.925287732116386272e-17
1.928286561660445007e-17
1.931393787885546902e-17
1.934609060150945481e-17
1.937932206915624760e-17
1.941362922737580940e-17
1.944901079486597638e-17
1.948546418460936376e-17
1.952298856491555829e-17
1.956158183469537935e-17
1.960124362679400126e-17
1.964197234294192555e-17
1.968376809494475036e-17
1.972662980157212678e-17
1.977055806827830323e-17
1.981555234463801745e-17
1.986161374152951642e-17
1.990874225353713753e-17
1.995693950728726331e-17
2.000620605479645483e-17
2.005654405124236256e-17
2.010795461573563179e-17
2.016044044451461975e-17
2.021400323231892081e-17
2.026864622161424654e-17
2.032437169568030975e-17
2.038118344853866057e-17
2.043908435698787794e-17
2.049807877390301653e-17
2.055817017305040277e-17
2.061936347197640500e-17
2.068166274642722967e-17
2.074507348238697518e-17
2.080960035993726358e-17
2.087524943802962428e-17
2.094202600582812399e-17
2.100993669567484221e-17
2.107898740781478006e-17
2.114918535020287458e-17
2.122053703426081855e-17
2.129305024481172152e-17
2.136673210419589329e-17
2.144159097436607403e-17
2.151763458816653940e-17
2.159487188344916043e-17
2.167331120357390675e-17
2.175296206061038486e-17
2.183383340716386572e-17
2.191593533005585180e-17
2.199927738943272312e-17
2.208387024484412637e-17
2.216972406378934258e-17
2.225685007784537377e-17
2.234525906287661839e-17
2.243496282187978591e-17
2.252597273836258755e-17
2.261830118864918944e-17
2.271196016313813470e-17
2.280696261286390384e-17
2.290332113609099949e-17
2.300104925857507883e-17
2.310016018677615988e-17
2.320066802132055943e-17
2.330258657895957398e-17
2.340593053613574374e-17
2.351071432136830810e-17
2.361695319029430288e-17
2.372466218520491903e-17
2.383385714544376282e-17
2.394455373240235008e-17
2.405676837337943431e-17
2.417051735438095699e-17
2.428581769639590235e-17
2.440268631663466133e-17
2.452114083622734353e-17
2.464119881006569792e-17
2.476287846610174854e-17
2.488619800478920262e-17
2.501117626912223128e-17
2.513783211346429085e-17
2.526618500592777051e-17
2.539625446393528477e-17
2.552806059227857960e-17
2.566162358203961972e-17
2.579696418690165092e-17
2.593410328426862628e-17
2.607306228990948305e-17
2.621386278019171413e-17
2.635652684806963039e-17
