     0 1.583789139638e-06 1.583789139638e-06
     1 1.575912507524e-06 1.635407989197e-06
     2 1.566308463003e-06 1.646624849988e-06
     3 1.561569911205e-06 1.659078663987e-06
     4 1.559771072749e-06 1.672035886225e-06
     5 1.553971190563e-06 1.679033281713e-06
     6 1.553364159084e-06 1.689580474951e-06
     7 1.554634035358e-06 1.700658403489e-06
     8 1.556095983968e-06 1.710795860213e-06
     9 1.553794835254e-06 1.716215175445e-06
    10 1.551100611081e-06 1.720385331220e-06
    11 1.627899893220e-06 1.803357842923e-06
    12 1.566815140947e-06 1.747786585757e-06
    13 1.532359239743e-06 1.718262985019e-06
    14 1.522041522067e-06 1.712359205022e-06
    15 1.526690062580e-06 1.720981860242e-06
    16 1.524777020819e-06 1.722634526143e-06
    17 1.529450682064e-06 1.730496903930e-06
    18 1.522500962862e-06 1.726421742007e-06
    19 1.518845109288e-06 1.725326286445e-06
    20 1.515059620705e-06 1.723802744573e-06
    21 1.514531255117e-06 1.725284998283e-06
    22 1.520672898028e-06 1.733217349006e-06
    23 1.522286227166e-06 1.736401474472e-06
    24 1.519954545546e-06 1.735452093619e-06
    25 1.522319587709e-06 1.738995233027e-06
    26 1.523146934113e-06 1.740843597043e-06
    27 1.521609402893e-06 1.740170003803e-06
    28 1.516577072012e-06 1.735860239233e-06
    29 1.518874008974e-06 1.738738370836e-06
    30 1.521337698078e-06 1.741673298837e-06
    31 1.524748052005e-06 1.745413519993e-06
    32 1.527142964782e-06 1.748059760183e-06
    33 1.530478856757e-06 1.751537023827e-06
    34 1.539742012314e-06 1.760847303274e-06
    35 1.540150160907e-06 1.761224035940e-06
    36 1.546867766343e-06 1.767815977670e-06
    37 1.546986145851e-06 1.767745861619e-06
    38 1.552168016675e-06 1.772660697068e-06
    39 1.552641006955e-06 1.772803820119e-06
    40 1.557794978840e-06 1.777580800885e-06
    41 1.562096465132e-06 1.781442464206e-06
    42 1.563150333566e-06 1.781993677815e-06
    43 1.564971848991e-06 1.783281122489e-06
    44 1.574037293056e-06 1.791749663950e-06
    45 1.575828508202e-06 1.792912560565e-06
    46 1.578042230378e-06 1.794450840320e-06
    47 1.582863742686e-06 1.798565494281e-06
    48 1.586352083011e-06 1.801315560333e-06
    49 1.591296634846e-06 1.805490421968e-06
    50 1.595858473188e-06 1.809251154183e-06
    51 1.596220411909e-06 1.808780570851e-06
    52 1.602902694155e-06 1.814614623080e-06
    53 1.604818247215e-06 1.815650530197e-06
    54 1.609047716471e-06 1.818984645547e-06
    55 1.613837781000e-06 1.822847940244e-06
    56 1.615344945678e-06 1.823412627125e-06
    57 1.621741115312e-06 1.828866318963e-06
    58 1.626949442111e-06 1.833100752039e-06
    59 1.634865312225e-06 1.840027020468e-06
    60 1.637305886929e-06 1.841477993485e-06
    61 1.643322790930e-06 1.846489587838e-06
    62 1.648109701664e-06 1.850255480959e-06
    63 1.657085972798e-06 1.858210734481e-06
    64 1.658127211356e-06 1.858215247463e-06
    65 1.667579707192e-06 1.866615309760e-06
    66 1.671164682992e-06 1.869147852021e-06
    67 1.675940953200e-06 1.872871688690e-06
    68 1.683026231385e-06 1.878888825373e-06
    69 1.684083115505e-06 1.878877567991e-06
    70 1.686075565178e-06 1.879801876162e-06
    71 1.692826883471e-06 1.885469344989e-06
    72 1.699127411402e-06 1.890701731418e-06
    73 1.708456410617e-06 1.898946881167e-06
    74 1.713056996029e-06 1.902463617114e-06
    75 1.719819400400e-06 1.908142172020e-06
    76 1.726079693217e-06 1.913318615371e-06
    77 1.732066139668e-06 1.918221212356e-06
    78 1.737479549914e-06 1.922566481100e-06
    79 1.742737957661e-06 1.926741039382e-06
    80 1.748277009388e-06 1.931196241644e-06
    81 1.757028104278e-06 1.938863487068e-06
    82 1.761867510278e-06 1.942634751565e-06
    83 1.766506189240e-06 1.946205289025e-06
    84 1.774542433385e-06 1.953157683705e-06
    85 1.779822279187e-06 1.957369388005e-06
    86 1.787533779190e-06 1.964028454469e-06
    87 1.792472763208e-06 1.967899296984e-06
    88 1.803018744279e-06 1.977392844517e-06
    89 1.814288824188e-06 1.987594782923e-06
    90 1.825719052011e-06 1.997972577208e-06
    91 1.833755355394e-06 2.004972155014e-06
    92 1.839841223002e-06 2.010021297047e-06
    93 1.845721792218e-06 2.014865140688e-06
    94 1.852731530849e-06 2.020838153743e-06
    95 1.859774629910e-06 2.026860235192e-06
    96 1.867211784339e-06 2.033276372008e-06
    97 1.876774192449e-06 2.041817762506e-06
    98 1.886182037518e-06 2.050220297925e-06
    99 1.892819174383e-06 2.055852125141e-06
   100 1.904009971435e-06 2.066037612544e-06
   101 1.911955289566e-06 2.072993328989e-06
   102 1.927654908049e-06 2.087703345786e-06
   103 1.934556472534e-06 2.093615308585e-06
   104 1.943087633021e-06 2.101172575350e-06
   105 1.956189816947e-06 2.113300865553e-06
   106 1.967357771268e-06 2.123504350930e-06
   107 1.975622175186e-06 2.130810569088e-06
   108 1.986688343134e-06 2.140923263666e-06
   109 1.996006377157e-06 2.149294107504e-06
   110 2.006158539466e-06 2.158506933609e-06
   111 2.018671456552e-06 2.170085226881e-06
   112 2.029281021045e-06 2.179768021540e-06
   113 2.039901156236e-06 2.189466099288e-06
   114 2.052798761401e-06 2.201449500991e-06
   115 2.066342640658e-06 2.214085459971e-06
   116 2.079724946648e-06 2.226564558073e-06
   117 2.088897512482e-06 2.234841770001e-06
   118 2.098652595033e-06 2.243707781830e-06
   119 2.108723283345e-06 2.252897253404e-06
   120 2.121409481525e-06 2.264706947233e-06
   121 2.131691199572e-06 2.274118444115e-06
   122 2.139891261007e-06 2.281456138367e-06
   123 2.154777750197e-06 2.295484972763e-06
   124 2.168843889185e-06 2.308701310937e-06
   125 2.178744865218e-06 2.317757198546e-06
   126 2.192587795262e-06 2.330762894149e-06
   127 2.208978165199e-06 2.346322312828e-06
   128 2.221654987546e-06 2.358174467104e-06
   129 2.232978006026e-06 2.368679100698e-06
   130 2.245136779071e-06 2.380025772042e-06
   131 2.257664774452e-06 2.391749519704e-06
   132 2.274447534403e-06 2.407732744324e-06
   133 2.292512123990e-06 2.425005652563e-06
   134 2.306652565840e-06 2.438359125453e-06
   135 2.319887150585e-06 2.450814595220e-06
   136 2.335611928505e-06 2.465764970550e-06
   137 2.352420749232e-06 2.481807242670e-06
   138 2.371606608922e-06 2.500231266142e-06
   139 2.388538302139e-06 2.516407406325e-06
   140 2.402891676428e-06 2.530013081563e-06
   141 2.417683953261e-06 2.544062371733e-06
   142 2.434759978696e-06 2.560400122895e-06
   143 2.448950393838e-06 2.573860117745e-06
   144 2.466461112856e-06 2.590645128860e-06
   145 2.483118959279e-06 2.606585121361e-06
   146 2.502659712422e-06 2.625411162176e-06
   147 2.519907181236e-06 2.641951772643e-06
   148 2.536551892780e-06 2.657894338228e-06
   149 2.558457776422e-06 2.679104359098e-06
   150 2.580517963539e-06 2.700474966627e-06
   151 2.599718873148e-06 2.718991009038e-06
   152 2.614937219983e-06 2.733529201064e-06
   153 2.630870179459e-06 2.748788288915e-06
   154 2.649371816155e-06 2.766622337172e-06
   155 2.671463376605e-06 2.788051021572e-06
   156 2.691278909857e-06 2.807209961959e-06
   157 2.711235999210e-06 2.826515170837e-06
   158 2.726105681193e-06 2.840739255529e-06
   159 2.743874985296e-06 2.857866103935e-06
   160 2.761706628919e-06 2.875063145842e-06
   161 2.784689213083e-06 2.897414269883e-06
   162 2.808610173801e-06 2.920710053663e-06
   163 2.833995645070e-06 2.945475060383e-06
   164 2.853457334476e-06 2.964322568425e-06
   165 2.876822578212e-06 2.987076772390e-06
   166 2.896803041505e-06 3.006452479097e-06
   167 2.919301385898e-06 3.028350779293e-06
   168 2.942230808264e-06 3.050686440648e-06
   169 2.962825597635e-06 3.070690610600e-06
   170 2.986236414355e-06 3.093515520290e-06
   171 3.010116965361e-06 3.116816447452e-06
   172 3.037716392265e-06 3.143840962900e-06
   173 3.063562029571e-06 3.169114830343e-06
   174 3.086957136176e-06 3.191944450270e-06
   175 3.109282746579e-06 3.213709286385e-06
   176 3.135773980722e-06 3.239642887831e-06
   177 3.159264915723e-06 3.262582473321e-06
   178 3.187220631131e-06 3.289989980812e-06
   179 3.220337536607e-06 3.322564961554e-06
   180 3.247109325136e-06 3.348797966944e-06
   181 3.273661483670e-06 3.374816054726e-06
   182 3.298297680750e-06 3.398922893445e-06
   183 3.321440242891e-06 3.421539238816e-06
   184 3.351660506078e-06 3.451239568419e-06
   185 3.376167991002e-06 3.475230261351e-06
   186 3.404242218240e-06 3.502792408986e-06
   187 3.431180395653e-06 3.529221648389e-06
   188 3.460683235071e-06 3.558220262187e-06
   189 3.492717259476e-06 3.589754773360e-06
   190 3.518202423344e-06 3.614743565589e-06
   191 3.545994536800e-06 3.642044019795e-06
   192 3.571861957443e-06 3.667422922780e-06
   193 3.598892846085e-06 3.693970006153e-06
   194 3.629406436324e-06 3.724002932717e-06
   195 3.659847498096e-06 3.753968043202e-06
   196 3.685201599082e-06 3.778850905289e-06
   197 3.715048663331e-06 3.808228301437e-06
   198 3.751427107854e-06 3.844141790247e-06
   199 3.784602883313e-06 3.876857322382e-06
   200 3.820570521501e-06 3.912366288042e-06
   201 3.852113728312e-06 3.943455534715e-06
   202 3.886279015503e-06 3.977170003360e-06
   203 3.923455884169e-06 4.013900765870e-06
   204 3.955926981353e-06 4.045928898490e-06
   205 3.995039098694e-06 4.084601192859e-06
   206 4.030414265972e-06 4.119539678758e-06
   207 4.070133514609e-06 4.158825387608e-06
   208 4.100675893215e-06 4.188938938817e-06
   209 4.136035520302e-06 4.223871309304e-06
   210 4.171493958061e-06 4.258907202851e-06
   211 4.208252273535e-06 4.295246115705e-06
   212 4.249577517829e-06 4.336155098973e-06
   213 4.290751116832e-06 4.376915578542e-06
   214 4.330406345372e-06 4.416160829241e-06
   215 4.367570064944e-06 4.452917712564e-06
   216 4.409487903953e-06 4.494431856918e-06
   217 4.447452949076e-06 4.531996348976e-06
   218 4.480605490872e-06 4.564751479302e-06
   219 4.515346808723e-06 4.599098527275e-06
   220 4.552943429476e-06 4.636304019743e-06
   221 4.596464112245e-06 4.679436715819e-06
   222 4.633000959986e-06 4.715588718460e-06
   223 4.674303938903e-06 4.756509993869e-06
   224 4.710936512112e-06 4.792762434368e-06
   225 4.747789829335e-06 4.829240331268e-06
   226 4.784687067488e-06 4.865763719895e-06
   227 4.826007705499e-06 4.906713649974e-06
   228 4.866890800804e-06 4.947227608141e-06
   229 4.905414931310e-06 4.985387313900e-06
   230 4.949172722171e-06 5.028782250809e-06
   231 4.990315151201e-06 5.069564967481e-06
   232 5.032274433465e-06 5.111167678978e-06
   233 5.067380985254e-06 5.145919230797e-06
   234 5.107991203851e-06 5.186177591018e-06
   235 5.146902264043e-06 5.224739934425e-06
   236 5.187700794399e-06 5.265191318792e-06
   237 5.231054248736e-06 5.308200768734e-06
   238 5.274412766622e-06 5.351218423816e-06
   239 5.318393284599e-06 5.394859649787e-06
   240 5.362917936176e-06 5.439048150951e-06
   241 5.399647526040e-06 5.475443161197e-06
   242 5.442422350658e-06 5.517886547790e-06
   243 5.482969799285e-06 5.558104129188e-06
   244 5.531346842270e-06 5.606154446538e-06
   245 5.580789324220e-06 5.655271773648e-06
   246 5.628102871758e-06 5.702261737143e-06
   247 5.672332716655e-06 5.746171139589e-06
   248 5.726008511306e-06 5.799529633381e-06
   249 5.773983684903e-06 5.847189076917e-06
   250 5.822472582864e-06 5.895363815613e-06
   251 5.867647725646e-06 5.940227940722e-06
   252 5.909798752434e-06 5.982069520633e-06
   253 5.961858427528e-06 6.033821319647e-06
   254 6.005272859077e-06 6.076931016709e-06
   255 6.051827434878e-06 6.123180858022e-06
   256 6.103702194154e-06 6.174755595200e-06
   257 6.152089869357e-06 6.222843248305e-06
   258 6.203116330681e-06 6.273572829123e-06
   259 6.249915432305e-06 6.320076621037e-06
   260 6.298550591908e-06 6.368418041727e-06
   261 6.354147057642e-06 6.423723910141e-06
   262 6.406736036800e-06 6.476023862775e-06
   263 6.451640804946e-06 6.520641175193e-06
   264 6.508939585215e-06 6.577654070531e-06
   265 6.551885236175e-06 6.620316978151e-06
   266 6.595789317764e-06 6.663938316402e-06
   267 6.648954818634e-06 6.716824215526e-06
   268 6.691713113177e-06 6.759304479119e-06
   269 6.741081813577e-06 6.808396719365e-06
   270 6.793360343460e-06 6.860401930687e-06
   271 6.847517790983e-06 6.914286059650e-06
   272 6.899835192105e-06 6.966333283803e-06
   273 6.953073670886e-06 7.019303156413e-06
   274 7.006830265860e-06 7.072792716011e-06
   275 7.058444002114e-06 7.124140987685e-06
   276 7.102872609016e-06 7.168305700805e-06
   277 7.155488229463e-06 7.220658998265e-06
   278 7.202758510108e-06 7.267668526720e-06
   279 7.255546376253e-06 7.320197211471e-06
   280 7.299733528167e-06 7.364128323584e-06
   281 7.344724023579e-06 7.408862779194e-06
   282 7.393667034416e-06 7.457552891824e-06
   283 7.443437575932e-06 7.507070535131e-06
   284 7.479738161434e-06 7.543121364016e-06
   285 7.530047349049e-06 7.593180795016e-06
   286 7.577928638250e-06 7.640813898397e-06
   287 7.615354294750e-06 7.677994510670e-06
   288 7.660203334204e-06 7.722598505897e-06
   289 7.700647489490e-06 7.762800758548e-06
   290 7.740435356290e-06 7.802346722715e-06
   291 7.780505231143e-06 7.842176265729e-06
   292 7.824950874922e-06 7.886384719263e-06
   293 7.865232208309e-06 7.926428862405e-06
   294 7.909442540378e-06 7.970403575025e-06
   295 7.958081580359e-06 8.018808566353e-06
   296 8.000271007704e-06 8.060763945045e-06
   297 8.046173079603e-06 8.106435109884e-06
   298 8.084872474203e-06 8.144905168220e-06
   299 8.122580530212e-06 8.182383887965e-06
   300 8.167948651947e-06 8.227524244233e-06
   301 8.204757194166e-06 8.264106591781e-06
   302 8.243835452651e-06 8.302960226392e-06
   303 8.286636159967e-06 8.345537880629e-06
   304 8.328364678529e-06 8.387044916909e-06
   305 8.371353665099e-06 8.429812421197e-06
   306 8.416183000701e-06 8.474421845314e-06
   307 8.456292761814e-06 8.514313265737e-06
   308 8.499559691310e-06 8.557363425339e-06
   309 8.541298057929e-06 8.598886592862e-06
   310 8.581929827081e-06 8.639303162917e-06
   311 8.625725884359e-06 8.682885591894e-06
   312 8.665480910656e-06 8.722428560688e-06
   313 8.701989996944e-06 8.758727160267e-06
   314 8.742773040037e-06 8.799299716653e-06
   315 8.777086039199e-06 8.833405370699e-06
   316 8.815062047828e-06 8.871172463417e-06
   317 8.848144715730e-06 8.904049357001e-06
   318 8.888076788451e-06 8.943777226199e-06
   319 8.930051256836e-06 8.985547491062e-06
   320 8.964755627195e-06 9.020049228694e-06
   321 9.008897134919e-06 9.063988103692e-06
   322 9.043636307809e-06 9.098527785449e-06
   323 9.076492106301e-06 9.131184092807e-06
   324 9.110253886905e-06 9.164746382278e-06
   325 9.134326278392e-06 9.188622424224e-06
   326 9.169258288447e-06 9.223358084739e-06
   327 9.195654540571e-06 9.249559558118e-06
   328 9.228075128115e-06 9.281785366917e-06
   329 9.261216458042e-06 9.314733488896e-06
   330 9.293964377156e-06 9.347289770858e-06
   331 9.319985655640e-06 9.373120982987e-06
   332 9.351797018290e-06 9.404742279281e-06
   333 9.382240287882e-06 9.434997053313e-06
   334 9.410450241960e-06 9.463018511832e-06
   335 9.437318985327e-06 9.489700330437e-06
   336 9.467518974329e-06 9.519714965472e-06
   337 9.491082854901e-06 9.543093492077e-06
   338 9.522462764633e-06 9.574289618639e-06
   339 9.539199406747e-06 9.590844048380e-06
   340 9.561393105183e-06 9.612855534441e-06
   341 9.586304231625e-06 9.637584448509e-06
   342 9.602245586390e-06 9.653346732493e-06
   343 9.628693519107e-06 9.679615594429e-06
   344 9.648983515437e-06 9.699726519978e-06
   345 9.674497514679e-06 9.725063019235e-06
   346 9.690293048992e-06 9.740682624359e-06
   347 9.718453996546e-06 9.768667642725e-06
   348 9.737364174433e-06 9.787403462219e-06
   349 9.753890814448e-06 9.803757314638e-06
   350 9.765629678909e-06 9.815321820708e-06
   351 9.785849466369e-06 9.835370391368e-06
   352 9.794781377713e-06 9.844131085912e-06
   353 9.798787940951e-06 9.847968003147e-06
   354 9.810273092178e-06 9.859283508370e-06
   355 9.823779205006e-06 9.872619975195e-06
   356 9.837967188642e-06 9.886639883624e-06
   357 9.847354242921e-06 9.895860433492e-06
   358 9.858777790861e-06 9.907117477022e-06
   359 9.888536572090e-06 9.936711324636e-06
   360 9.907817987680e-06 9.955827806612e-06
   361 9.918367431928e-06 9.966213888042e-06
   362 9.941312474191e-06 9.988995567488e-06
   363 9.963254654195e-06 1.001077595547e-05
   364 9.986521662793e-06 1.003388117205e-05
   365 9.999355624088e-06 1.004655491212e-05
   366 1.001988686713e-05 1.006692593394e-05
   367 1.003361936681e-05 1.008049978319e-05
   368 1.004871282058e-05 1.009543458652e-05
   369 1.006645660264e-05 1.011302128895e-05
   370 1.008242445530e-05 1.012883206197e-05
   371 1.009090458500e-05 1.013715668284e-05
   372 1.010322383798e-05 1.014932042698e-05
   373 1.012289276100e-05 1.016883384117e-05
   374 1.013543784708e-05 1.018122656001e-05
   375 1.015107533851e-05 1.019671011340e-05
   376 1.017068299776e-05 1.021616540540e-05
   377 1.019891298882e-05 1.024424460001e-05
   378 1.020576984998e-05 1.025095066472e-05
   379 1.021164270457e-05 1.025667272287e-05
   380 1.022031188945e-05 1.026519268210e-05
   381 1.023008073359e-05 1.027481230058e-05
   382 1.023825043689e-05 1.028283434903e-05
   383 1.024268897905e-05 1.028712523633e-05
   384 1.023775975251e-05 1.028204992574e-05
   385 1.025124499197e-05 1.029538908114e-05
   386 1.025433992533e-05 1.029833950124e-05
   387 1.026340169644e-05 1.030725675908e-05
   388 1.027354396550e-05 1.031725451489e-05
   389 1.028758706746e-05 1.033115467438e-05
   390 1.029771865103e-05 1.034114331548e-05
   391 1.031305790479e-05 1.035634119757e-05
   392 1.032369431160e-05 1.036683623272e-05
   393 1.034737298863e-05 1.039037510887e-05
   394 1.035783634138e-05 1.040069866075e-05
   395 1.036188197344e-05 1.040460449194e-05
   396 1.036146780291e-05 1.040405209133e-05
   397 1.036057768582e-05 1.040302374416e-05
   398 1.037170425045e-05 1.041401207872e-05
   399 1.037501363696e-05 1.041718480595e-05
   400 1.038105068428e-05 1.042308676478e-05
   401 1.038478193363e-05 1.042668135486e-05
   402 1.039175660124e-05 1.043352093397e-05
   403 1.039285880796e-05 1.043448962301e-05
   404 1.041109483711e-05 1.045259213448e-05
   405 1.041452703428e-05 1.045589081395e-05
   406 1.042425966035e-05 1.046549149314e-05
   407 1.043133248890e-05 1.047243237479e-05
   408 1.043816831854e-05 1.047913625754e-05
   409 1.043721236961e-05 1.047804993252e-05
   410 1.044706617776e-05 1.048777336457e-05
   411 1.045901806933e-05 1.049959645084e-05
   412 1.046884810193e-05 1.050929610734e-05
   413 1.046591862880e-05 1.050623939972e-05
   414 1.047576337510e-05 1.051595534071e-05
   415 1.048496406249e-05 1.052502879360e-05
   416 1.048602252486e-05 1.052596159226e-05
   417 1.049710233714e-05 1.053691417004e-05
   418 1.049976093719e-05 1.053944710639e-05
   419 1.050622402026e-05 1.054578609654e-05
   420 1.051673299171e-05 1.055617097509e-05
   421 1.053018864252e-05 1.056950253298e-05
   422 1.053602161982e-05 1.057521141738e-05
   423 1.054415499307e-05 1.058322226851e-05
   424 1.054883437782e-05 1.058777913115e-05
   425 1.055861772902e-05 1.059744153103e-05
   426 1.057350799979e-05 1.061221085049e-05
   427 1.058170125819e-05 1.062028315757e-05
   428 1.058726731458e-05 1.062572826265e-05
   429 1.059353585699e-05 1.063187742453e-05
   430 1.060432501340e-05 1.064254720042e-05
   431 1.060581796326e-05 1.064392234055e-05
   432 1.060762716927e-05 1.064561373684e-05
   433 1.061656865949e-05 1.065443741734e-05
   434 1.062102538324e-05 1.065877790216e-05
   435 1.063222379005e-05 1.066985849924e-05
   436 1.064589978531e-05 1.068341982637e-05
   437 1.065674518600e-05 1.069414898813e-05
   438 1.066663076951e-05 1.070391990351e-05
   439 1.067479301324e-05 1.071196747911e-05
   440 1.068269454848e-05 1.071975434622e-05
   441 1.069106558663e-05 1.072801228703e-05
   442 1.070351135762e-05 1.074034496069e-05
   443 1.071644519159e-05 1.075316726812e-05
   444 1.072620668393e-05 1.076281566312e-05
   445 1.074266436179e-05 1.077916181445e-05
   446 1.074189899111e-05 1.077828648802e-05
   447 1.075647605525e-05 1.079275202562e-05
   448 1.076932504810e-05 1.080549106273e-05
   449 1.078511576103e-05 1.082117181991e-05
   450 1.079560117697e-05 1.083154885091e-05
   451 1.080974650743e-05 1.084558579642e-05
   452 1.083769698663e-05 1.087342789068e-05
   453 1.085806589305e-05 1.089368841215e-05
   454 1.087159975843e-05 1.090711546338e-05
   455 1.089214328178e-05 1.092755217257e-05
   456 1.090731582925e-05 1.094261790590e-05
   457 1.092744100506e-05 1.096263626756e-05
   458 1.095017415367e-05 1.098526417281e-05
   459 1.096968881110e-05 1.100467358689e-05
   460 1.099120218592e-05 1.102608328916e-05
   461 1.101313728627e-05 1.104791314615e-05
   462 1.102452831535e-05 1.105920050268e-05
   463 1.104050963325e-05 1.107507971881e-05
   464 1.106651215323e-05 1.110097856624e-05
   465 1.108422909872e-05 1.111859340996e-05
   466 1.111567363886e-05 1.114993584834e-05
   467 1.113284047294e-05 1.116700058066e-05
   468 1.114473591904e-05 1.117879549580e-05
   469 1.116639327549e-05 1.120035232128e-05
   470 1.118578146801e-05 1.121963998283e-05
   471 1.120233082236e-05 1.123608880622e-05
   472 1.120990161657e-05 1.124356064026e-05
   473 1.122466186943e-05 1.125822193295e-05
   474 1.124797464364e-05 1.128143574699e-05
   475 1.126614528405e-05 1.129950899803e-05
   476 1.128926991024e-05 1.132253623485e-05
   477 1.130497955228e-05 1.133814848752e-05
   478 1.133084792643e-05 1.136391947229e-05
   479 1.135193286216e-05 1.138490858945e-05
   480 1.137216934667e-05 1.140504768459e-05
   481 1.139506881650e-05 1.142785133584e-05
   482 1.142404788134e-05 1.145673615290e-05
   483 1.144977235204e-05 1.148236480502e-05
   484 1.146719720178e-05 1.149969540699e-05
   485 1.148626693430e-05 1.151867089173e-05
   486 1.149818605716e-05 1.153049733760e-05
   487 1.152714914883e-05 1.155936618149e-05
   488 1.155887831657e-05 1.159100267225e-05
   489 1.158406356843e-05 1.161609524712e-05
   490 1.160831632252e-05 1.164025532423e-05
   491 1.163847274884e-05 1.167032064436e-05
   492 1.166996226058e-05 1.170171904991e-05
   493 1.169674244203e-05 1.172840812518e-05
   494 1.173270692135e-05 1.176428149832e-05
   495 1.176321711158e-05 1.179470215315e-05
   496 1.179633401599e-05 1.182772952217e-05
   497 1.182218693793e-05 1.185349290872e-05
   498 1.184423899030e-05 1.187545542571e-05
   499 1.186902885959e-05 1.190015575960e-05
   500 1.189555430821e-05 1.192659324363e-05
   501 1.193023605612e-05 1.196118702695e-05
   502 1.196246989026e-05 1.199333289649e-05
   503 1.199300296342e-05 1.202377957585e-05
   504 1.202821242069e-05 1.205890106853e-05
   505 1.206210971176e-05 1.209271196580e-05
   506 1.209814634009e-05 1.212866220033e-05
   507 1.213551144573e-05 1.216594248297e-05
   508 1.217985608349e-05 1.221020072693e-05
   509 1.221410341519e-05 1.224436323563e-05
   510 1.224623014036e-05 1.227640513780e-05
   511 1.227609407234e-05 1.230618424678e-05
   512 1.231539428051e-05 1.234540120274e-05
   513 1.235150071554e-05 1.238142438556e-05
   514 1.237950723082e-05 1.240934607785e-05
   515 1.240662641685e-05 1.243638358246e-05
   516 1.244100377305e-05 1.247067768646e-05
   517 1.248139591132e-05 1.251098657253e-05
   518 1.252735861131e-05 1.255686759111e-05
   519 1.256988247250e-05 1.259930977089e-05
   520 1.261078943553e-05 1.264013505251e-05
   521 1.264252371038e-05 1.267178921675e-05
   522 1.268151903195e-05 1.271070442770e-05
   523 1.272113204976e-05 1.275023576411e-05
   524 1.275309503328e-05 1.278211863701e-05
   525 1.279508036174e-05 1.282402542566e-05
   526 1.283782393153e-05 1.286668888483e-05
   527 1.286505413811e-05 1.289384055160e-05
   528 1.288484315441e-05 1.291355102808e-05
   529 1.292314027336e-05 1.295176960722e-05
   530 1.297027433723e-05 1.299882513127e-05
   531 1.300771491681e-05 1.303618874183e-05
   532 1.304776726077e-05 1.307616254597e-05
   533 1.309062956907e-05 1.311894788525e-05
   534 1.314487919630e-05 1.317312054346e-05
   535 1.319877425966e-05 1.322694020860e-05
   536 1.324953935983e-05 1.327762833975e-05
   537 1.327989674768e-05 1.330791032938e-05
   538 1.331524369081e-05 1.334318187427e-05
   539 1.335556186048e-05 1.338342464573e-05
   540 1.340407741059e-05 1.343186479761e-05
   541 1.345150748038e-05 1.347921946918e-05
   542 1.349544577465e-05 1.352308393602e-05
   543 1.354314697527e-05 1.357071130921e-05
   544 1.359141974898e-05 1.361891025549e-05
   545 1.363207073242e-05 1.365948741151e-05
   546 1.368657605372e-05 1.371391890538e-05
   547 1.374027173824e-05 1.376754233327e-05
   548 1.379479275900e-05 1.382199109740e-05
   549 1.384265224284e-05 1.386977832461e-05
   550 1.388400885410e-05 1.391106267924e-05
   551 1.393632297268e-05 1.396330454118e-05
   552 1.397484491113e-05 1.400175579380e-05
   553 1.402500187109e-05 1.405184049713e-05
   554 1.405868209300e-05 1.408545003321e-05
   555 1.409033869533e-05 1.411703594970e-05
   556 1.413255778368e-05 1.415918435221e-05
   557 1.419813813460e-05 1.422469558810e-05
   558 1.424623286084e-05 1.427271962851e-05
   559 1.430398569497e-05 1.433040334759e-05
   560 1.434596928201e-05 1.437231781959e-05
   561 1.439013235202e-05 1.441641177457e-05
   562 1.444389689652e-05 1.447010720403e-05
   563 1.448837991367e-05 1.451452267694e-05
   564 1.453685533956e-05 1.456292898779e-05
   565 1.458994447517e-05 1.461595057915e-05
   566 1.463390139302e-05 1.465983995277e-05
   567 1.469564038906e-05 1.472151140456e-05
   568 1.475203287852e-05 1.477783792058e-05
   569 1.481205754020e-05 1.483779503801e-05
   570 1.486489123818e-05 1.489056276255e-05
   571 1.491835284150e-05 1.494395682162e-05
   572 1.498290058067e-05 1.500843858735e-05
   573 1.503678844659e-05 1.506226205062e-05
   574 1.509333004999e-05 1.511873768058e-05
   575 1.515707832087e-05 1.518241997801e-05
   576 1.521382654163e-05 1.523910379613e-05
   577 1.526584883540e-05 1.529106168724e-05
   578 1.532564076241e-05 1.535078921160e-05
   579 1.538106618746e-05 1.540615023401e-05
   580 1.544551242264e-05 1.547053206653e-05
   581 1.551263925131e-05 1.553759606335e-05
   582 1.557194905241e-05 1.559684146180e-05
   583 1.564338365223e-05 1.566821322977e-05
   584 1.571164491775e-05 1.573641166343e-05
   585 1.577610299040e-05 1.580080690423e-05
   586 1.583160813603e-05 1.585624921801e-05
   587 1.588439032992e-05 1.590897015084e-05
   588 1.594904891072e-05 1.597356589979e-05
   589 1.600166453465e-05 1.602612026266e-05
   590 1.607324706458e-05 1.609764153153e-05
   591 1.613285608995e-05 1.615718929585e-05
   592 1.618974805915e-05 1.621402000399e-05
   593 1.624408923554e-05 1.626830149012e-05
   594 1.629948589422e-05 1.632363688775e-05
   595 1.635630049781e-05 1.638039180107e-05
   596 1.641158554470e-05 1.643561715770e-05
   597 1.646367833871e-05 1.648765026146e-05
   598 1.652202604678e-05 1.654593827926e-05
   599 1.657863799454e-05 1.660249053677e-05
   600 1.663199410701e-05 1.665578695897e-05
   601 1.668087326830e-05 1.670460800080e-05
   602 1.673590709381e-05 1.675958370684e-05
   603 1.677676662009e-05 1.680038511366e-05
   604 1.683412683684e-05 1.685768721095e-05
   605 1.689260998795e-05 1.691611224259e-05
   606 1.695256066806e-05 1.697600480324e-05
   607 1.701110592882e-05 1.703449351533e-05
   608 1.705932799722e-05 1.708265746426e-05
   609 1.712492585900e-05 1.714819877738e-05
   610 1.717473951204e-05 1.719795588175e-05
   611 1.724995929576e-05 1.727311911680e-05
   612 1.730939274052e-05 1.733249601290e-05
   613 1.737703811530e-05 1.740008483900e-05
   614 1.744609555392e-05 1.746908729975e-05
   615 1.751568814895e-05 1.753862491692e-05
   616 1.758059733063e-05 1.760347754993e-05
   617 1.764648645373e-05 1.766931169516e-05
   618 1.770963222013e-05 1.773240248369e-05
   619 1.777409842170e-05 1.779681370739e-05
   620 1.784232831767e-05 1.786499019628e-05
   621 1.790361644624e-05 1.792622334698e-05
   622 1.796830957256e-05 1.799086306622e-05
   623 1.803194760000e-05 1.805444611579e-05
   624 1.809176396629e-05 1.811420907500e-05
   625 1.814460198158e-05 1.816699368322e-05
   626 1.820803694364e-05 1.823037523820e-05
   627 1.825859006716e-05 1.828087652545e-05
   628 1.833198185024e-05 1.835421490145e-05
   629 1.838427717813e-05 1.840645682226e-05
   630 1.843488339735e-05 1.845701120521e-05
   631 1.847744927326e-05 1.849952524484e-05
   632 1.854782330727e-05 1.856984744257e-05
   633 1.860672988569e-05 1.862870218470e-05
   634 1.866582689962e-05 1.868774736236e-05
   635 1.872145132148e-05 1.874331994794e-05
   636 1.877765017919e-05 1.879946696937e-05
   637 1.884446009145e-05 1.886622661615e-05
   638 1.890202724310e-05 1.892374350232e-05
   639 1.895530436617e-05 1.897696878911e-05
   640 1.901144012263e-05 1.903305428009e-05
   641 1.906485170967e-05 1.908641560165e-05
   642 1.912616028105e-05 1.914767390754e-05
   643 1.920062893077e-05 1.922209386258e-05
   644 1.926034088030e-05 1.928175554662e-05
   645 1.933237582523e-05 1.935374022607e-05
   646 1.939676877858e-05 1.941808448474e-05
   647 1.945176892854e-05 1.947303594001e-05
   648 1.950470137364e-05 1.952591969042e-05
   649 1.955418027020e-05 1.957534832150e-05
   650 1.962391715584e-05 1.964503651246e-05
   651 1.967540577094e-05 1.969647800367e-05
   652 1.973226507874e-05 1.975328861678e-05
   653 1.978435124773e-05 1.980532609108e-05
   654 1.984314819797e-05 1.986407591744e-05
   655 1.988724560410e-05 1.990812462888e-05
   656 1.993511017321e-05 1.995594207410e-05
   657 1.998115230880e-05 2.000193708580e-05
   658 2.003556495412e-05 2.005630260722e-05
   659 2.009222134318e-05 2.011291187239e-05
   660 2.014936243399e-05 2.017000583932e-05
   661 2.020953176761e-05 2.023012804905e-05
   662 2.026106730961e-05 2.028161803795e-05
   663 2.030467711139e-05 2.032518071584e-05
   664 2.035617607236e-05 2.037663412372e-05
   665 2.039240502188e-05 2.041281752015e-05
   666 2.044510396780e-05 2.046546934218e-05
   667 2.050148779297e-05 2.052180761425e-05
   668 2.054892934018e-05 2.056920360837e-05
   669 2.061150812641e-05 2.063173841230e-05
   670 2.065729223503e-05 2.067747696783e-05
   671 2.071484779019e-05 2.073498696989e-05
   672 2.074546798783e-05 2.076556318524e-05
   673 2.079871783511e-05 2.081876747943e-05
   674 2.083747271190e-05 2.085747837392e-05
   675 2.089368133771e-05 2.091364301743e-05
   676 2.093040050077e-05 2.095031662740e-05
   677 2.097830195823e-05 2.099817410256e-05
   678 2.103188241610e-05 2.105171057814e-05
   679 2.108096650803e-05 2.110075225857e-05
   680 2.112902288234e-05 2.114876465058e-05
   681 2.118476135105e-05 2.120445913699e-05
   682 2.122334934620e-05 2.124300472063e-05
   683 2.126889154034e-05 2.128850293248e-05
   684 2.130723142050e-05 2.132680040114e-05
   685 2.135946485116e-05 2.137899142030e-05
   686 2.139285651862e-05 2.141233910546e-05
   687 2.144810689033e-05 2.146754706567e-05
   688 2.150212140365e-05 2.152151916749e-05
   689 2.154389717903e-05 2.156325253136e-05
   690 2.158886609283e-05 2.160818060446e-05
   691 2.163602822980e-05 2.165530032994e-05
   692 2.167793182720e-05 2.169716151584e-05
   693 2.172105450558e-05 2.174024335351e-05
   694 2.176617809592e-05 2.178532610314e-05
   695 2.182704031328e-05 2.184614590901e-05
   696 2.188651846435e-05 2.190558321936e-05
   697 2.193784173726e-05 2.195686565158e-05
   698 2.197713901975e-05 2.199612209335e-05
   699 2.201423320445e-05 2.203317543735e-05
   700 2.206186979748e-05 2.208077118968e-05
   701 2.209960001416e-05 2.211846056566e-05
   702 2.215521558266e-05 2.217403686425e-05
   703 2.220564294577e-05 2.222442338665e-05
   704 2.225125317237e-05 2.226999434335e-05
   705 2.229487092480e-05 2.231357125507e-05
   706 2.234079925025e-05 2.235946031061e-05
   707 2.237863775103e-05 2.239725954149e-05
   708 2.241817133227e-05 2.243675228202e-05
   709 2.246482353597e-05 2.248336521582e-05
   710 2.250438690879e-05 2.252288931873e-05
   711 2.253418437229e-05 2.255264908311e-05
   712 2.257224104397e-05 2.259066648488e-05
   713 2.260398141261e-05 2.262236758361e-05
   714 2.264185448058e-05 2.266020138168e-05
   715 2.267209693675e-05 2.269040613874e-05
   716 2.272282384127e-05 2.274109377335e-05
   717 2.274938334013e-05 2.276761557309e-05
   718 2.278058406367e-05 2.279877859752e-05
   719 2.283284443924e-05 2.285100127398e-05
   720 2.286166085008e-05 2.287977841492e-05
   721 2.288793383972e-05 2.290601370544e-05
   722 2.291886740341e-05 2.293690957002e-05
   723 2.294566802030e-05 2.296367248780e-05
   724 2.298990366937e-05 2.300787200855e-05
   725 2.303912259477e-05 2.305705323484e-05
   726 2.307977654090e-05 2.309766948185e-05
   727 2.311707075217e-05 2.313492756481e-05
   728 2.315048637915e-05 2.316830549269e-05
   729 2.317834311916e-05 2.319612610438e-05
   730 2.321812066195e-05 2.323586751885e-05
   731 2.326692499732e-05 2.328463415511e-05
   732 2.331729897825e-05 2.333497200772e-05
   733 2.335453496431e-05 2.337217186546e-05
   734 2.339655693669e-05 2.341415770953e-05
   735 2.343050413864e-05 2.344806878317e-05
   736 2.345834664694e-05 2.347587516315e-05
   737 2.350638653753e-05 2.352387892542e-05
   738 2.354220463509e-05 2.355966246547e-05
   739 2.357435960595e-05 2.359178130801e-05
   740 2.360478212137e-05 2.362216769512e-05
   741 2.364805244068e-05 2.366540345690e-05
   742 2.368798047122e-05 2.370529535913e-05
   743 2.373418984390e-05 2.375147017429e-05
   744 2.377223632458e-05 2.378948209745e-05
   745 2.380023368050e-05 2.381744489586e-05
   746 2.382319636494e-05 2.384037302277e-05
   747 2.385624014080e-05 2.387338067032e-05
   748 2.388823153135e-05 2.390533750335e-05
   749 2.393604694438e-05 2.395311992966e-05
   750 2.395512378304e-05 2.397216221080e-05
   751 2.401154177102e-05 2.402854564126e-05
   752 2.404901068170e-05 2.406597999442e-05
   753 2.410613208615e-05 2.412306841215e-05
   754 2.414145973226e-05 2.415836150074e-05
   755 2.417950417125e-05 2.419637138221e-05
   756 2.421289910130e-05 2.422973332553e-05
   757 2.425027151777e-05 2.426707275528e-05
   758 2.429896736684e-05 2.431573404683e-05
   759 2.434238825910e-05 2.435912195237e-05
   760 2.438036534523e-05 2.439706605178e-05
   761 2.442198781759e-05 2.443865553741e-05
   762 2.445661078128e-05 2.447324551438e-05
   763 2.450747288597e-05 2.452407463235e-05
   764 2.454585551284e-05 2.456242427250e-05
   765 2.459981977210e-05 2.461635554503e-05
   766 2.465666889525e-05 2.467317168146e-05
   767 2.469951510767e-05 2.471598647795e-05
   768 2.473662640437e-05 2.475306478793e-05
   769 2.476988703177e-05 2.478629242860e-05
   770 2.482044113674e-05 2.483681511765e-05
   771 2.485523146243e-05 2.487157245661e-05
   772 2.489936923169e-05 2.491567880995e-05
   773 2.492557751380e-05 2.494185567613e-05
   774 2.496948597397e-05 2.498573114959e-05
   775 2.501964285952e-05 2.503585661920e-05
   776 2.507010260316e-05 2.508628494692e-05
   777 2.513422374502e-05 2.515037467285e-05
   778 2.517818452710e-05 2.519430403900e-05
   779 2.521301561662e-05 2.522910371260e-05
   780 2.526697137837e-05 2.528302805842e-05
   781 2.531075505686e-05 2.532678032098e-05
   782 2.536365067422e-05 2.537964609322e-05
   783 2.539108402367e-05 2.540704802674e-05
   784 2.542797636723e-05 2.544390895438e-05
   785 2.545812697434e-05 2.547402971635e-05
   786 2.548664582096e-05 2.550251714705e-05
   787 2.553916792571e-05 2.555500940666e-05
   788 2.560882623997e-05 2.562463630500e-05
   789 2.566328003244e-05 2.567906025234e-05
   790 2.573317215568e-05 2.574892253045e-05
   791 2.577022682304e-05 2.578594578188e-05
   792 2.581691853988e-05 2.583260812483e-05
   793 2.587426723175e-05 2.588992681449e-05
   794 2.593621680323e-05 2.595184638376e-05
   795 2.598845374374e-05 2.600405347914e-05
   796 2.603586111288e-05 2.605143116024e-05
   797 2.606212803384e-05 2.607766839314e-05
   798 2.611046101351e-05 2.612597168475e-05
   799 2.616523114513e-05 2.618071244248e-05
   800 2.621512564168e-05 2.623057740806e-05
   801 2.627646301899e-05 2.629188556856e-05
   802 2.632360555181e-05 2.633899888458e-05
   803 2.637976132426e-05 2.639512544021e-05
   804 2.644186331981e-05 2.645719837603e-05
   805 2.647691880156e-05 2.649222495512e-05
   806 2.654342754073e-05 2.655870479165e-05
   807 2.658046524707e-05 2.659571359533e-05
   808 2.661590237986e-05 2.663112198255e-05
   809 2.666010202449e-05 2.667529303868e-05
   810 2.669499551445e-05 2.671015794015e-05
   811 2.675089061353e-05 2.676602460782e-05
   812 2.680967889654e-05 2.682478445942e-05
   813 2.686161337712e-05 2.687669066566e-05
   814 2.691457167721e-05 2.692962069142e-05
   815 2.696422679601e-05 2.697924769296e-05
   816 2.700894230917e-05 2.702393524595e-05
   817 2.706620232802e-05 2.708116714755e-05
   818 2.711562015061e-05 2.713055716704e-05
   819 2.716572354482e-05 2.718063275816e-05
   820 2.721459822237e-05 2.722947963261e-05
   821 2.726167145825e-05 2.727652522247e-05
   822 2.732650165810e-05 2.734132777631e-05
   823 2.737964958812e-05 2.739444821740e-05
   824 2.743238578910e-05 2.744715708652e-05
   825 2.751115389028e-05 2.752589785584e-05
   826 2.757312996991e-05 2.758784660361e-05
   827 2.763874197296e-05 2.765343143189e-05
   828 2.771951224546e-05 2.773417468670e-05
   829 2.779347765207e-05 2.780811307561e-05
   830 2.786593419946e-05 2.788054260530e-05
   831 2.790869967626e-05 2.792328122148e-05
   832 2.797508621797e-05 2.798964090257e-05
   833 2.803978175995e-05 2.805430974101e-05
   834 2.809284011807e-05 2.810734139560e-05
   835 2.816829981091e-05 2.818277454198e-05
   836 2.824529245556e-05 2.825974079725e-05
   837 2.831680447205e-05 2.833122626728e-05
   838 2.839091071332e-05 2.840530627625e-05
   839 2.846745014862e-05 2.848181932218e-05
   840 2.854054694052e-05 2.855488988178e-05
   841 2.860378189305e-05 2.861809875909e-05
   842 2.864995268361e-05 2.866424347443e-05
   843 2.870336717937e-05 2.871763205205e-05
   844 2.877263912079e-05 2.878687807533e-05
   845 2.882457689564e-05 2.883878993205e-05
   846 2.890205771979e-05 2.891624499514e-05
   847 2.896336977767e-05 2.897753144903e-05
   848 2.901561790000e-05 2.902975396738e-05
   849 2.908042646747e-05 2.909453693087e-05
   850 2.914593314707e-05 2.916001816357e-05
   851 2.922696837749e-05 2.924102794709e-05
   852 2.928460921704e-05 2.929864349682e-05
   853 2.935306842992e-05 2.936707741988e-05
   854 2.942316919569e-05 2.943715289583e-05
   855 2.946998414773e-05 2.948394271512e-05
   856 2.953605268234e-05 2.954998611700e-05
   857 2.960198654986e-05 2.961589500886e-05
   858 2.966977664938e-05 2.968366028979e-05
   859 2.973454381971e-05 2.974840248447e-05
   860 2.980716992394e-05 2.982100377011e-05
   861 2.987332313175e-05 2.988713231642e-05
   862 2.995416298418e-05 2.996794750735e-05
   863 3.005186031236e-05 3.006562017402e-05
   864 3.012974254171e-05 3.014347789895e-05
   865 3.022304011542e-05 3.023675096823e-05
   866 3.028686539574e-05 3.030055190121e-05
   867 3.036266112815e-05 3.037632328628e-05
   868 3.042665434180e-05 3.044029230967e-05
   869 3.049543072206e-05 3.050904449967e-05
   870 3.056578078240e-05 3.057937036975e-05
   871 3.064436603345e-05 3.065793158761e-05
   872 3.073510016452e-05 3.074864168549e-05
   873 3.081805135420e-05 3.083156899907e-05
   874 3.089776366690e-05 3.091125743567e-05
   875 3.098945778318e-05 3.100292767584e-05
   876 3.106337941161e-05 3.107682558525e-05
   877 3.115262801311e-05 3.116605046772e-05
   878 3.124191458193e-05 3.125531347460e-05
   879 3.133592916740e-05 3.134930449812e-05
   880 3.141584364209e-05 3.142919541087e-05
   881 3.150474964244e-05 3.151807800635e-05
   882 3.158707216455e-05 3.160037712360e-05
   883 3.167026045764e-05 3.168354216890e-05
   884 3.176295466454e-05 3.177621312801e-05
   885 3.183223345891e-05 3.184546867460e-05
   886 3.192227894371e-05 3.193549106869e-05
   887 3.201383377885e-05 3.202702281313e-05
   888 3.212860735575e-05 3.214177345640e-05
   889 3.221710385872e-05 3.223024702575e-05
   890 3.230392419803e-05 3.231704443143e-05
   891 3.239411545045e-05 3.240721290731e-05
   892 3.247263113547e-05 3.248570581577e-05
   893 3.255634413675e-05 3.256939604051e-05
   894 3.264465343880e-05 3.265768272309e-05
   895 3.273605400738e-05 3.274906067220e-05
   896 3.282857322871e-05 3.284155743114e-05
   897 3.291067535421e-05 3.292363709426e-05
   898 3.299083042856e-05 3.300376970622e-05
   899 3.308400416597e-05 3.309692113833e-05
   900 3.317923920746e-05 3.319213387450e-05
   901 3.326982773367e-05 3.328270025249e-05
   902 3.335316040232e-05 3.336601061584e-05
   903 3.343217613315e-05 3.344500435551e-05
   904 3.350220101520e-05 3.351500708934e-05
   905 3.359266129079e-05 3.360544537377e-05
   906 3.365990163634e-05 3.367266372817e-05
   907 3.375798363667e-05 3.377072389444e-05
   908 3.381944210401e-05 3.383216052771e-05
   909 3.390458864908e-05 3.391728523871e-05
   910 3.398718257264e-05 3.399985748528e-05
   911 3.408235829355e-05 3.409501152920e-05
   912 3.417109161324e-05 3.418372317190e-05
   913 3.423472906812e-05 3.424733910687e-05
   914 3.432491841173e-05 3.433750693057e-05
   915 3.441288005381e-05 3.442544720983e-05
   916 3.453031113505e-05 3.454285692823e-05
   917 3.462370298465e-05 3.463622741500e-05
   918 3.473079622375e-05 3.474329929127e-05
   919 3.480800506109e-05 3.482048692286e-05
   920 3.490644716153e-05 3.491890781755e-05
   921 3.501173514336e-05 3.502417475072e-05
   922 3.512124433512e-05 3.513366289380e-05
   923 3.522059992785e-05 3.523299743786e-05
   924 3.531904818635e-05 3.533142480477e-05
   925 3.543018880152e-05 3.544254452835e-05
   926 3.554181346085e-05 3.555414829609e-05
   927 3.564293066287e-05 3.565524476359e-05
   928 3.575400240439e-05 3.576629577061e-05
   929 3.585161224097e-05 3.586388487268e-05
   930 3.595119168590e-05 3.596344358309e-05
   931 3.603514892752e-05 3.604738024728e-05
   932 3.616010613712e-05 3.617231703652e-05
   933 3.629721907844e-05 3.630940940041e-05
   934 3.638336072151e-05 3.639553062313e-05
   935 3.647781061175e-05 3.648996009302e-05
   936 3.656219923556e-05 3.657432845356e-05
   937 3.665306607659e-05 3.666517503132e-05
   938 3.672326186775e-05 3.673535055920e-05
   939 3.682713992371e-05 3.683920850897e-05
   940 3.691300433101e-05 3.692505281008e-05
   941 3.700894358986e-05 3.702097196274e-05
   942 3.709712630313e-05 3.710913456981e-05
   943 3.720214584722e-05 3.721413416479e-05
   944 3.728622189023e-05 3.729819025868e-05
   945 3.736421005171e-05 3.737615862813e-05
   946 3.747745390383e-05 3.748938268821e-05
   947 3.755463775579e-05 3.756654674814e-05
   948 3.763579299925e-05 3.764768219957e-05
   949 3.774337105437e-05 3.775524061974e-05
   950 3.785373662748e-05 3.786558655789e-05
   951 3.796772331637e-05 3.797955361183e-05
   952 3.803508977274e-05 3.804690059032e-05
   953 3.812456553057e-05 3.813635687028e-05
   954 3.824231348268e-05 3.825408534451e-05
   955 3.834747718088e-05 3.835922972191e-05
   956 3.844699372735e-05 3.845872694759e-05
   957 3.854534113800e-05 3.855705503745e-05
   958 3.866166891963e-05 3.867336365537e-05
   959 3.874700346479e-05 3.875867887973e-05
   960 3.884407774216e-05 3.885573415046e-05
   961 3.892564854747e-05 3.893728579205e-05
   962 3.902998919399e-05 3.904160743194e-05
   963 3.911344156625e-05 3.912504079756e-05
   964 3.924093044227e-05 3.925251066695e-05
   965 3.934574793818e-05 3.935730931330e-05
   966 3.942009572842e-05 3.943163825398e-05
   967 3.951781250115e-05 3.952933617717e-05
   968 3.963175363982e-05 3.964325846628e-05
   969 3.971411927952e-05 3.972560541350e-05
   970 3.980498233958e-05 3.981644978108e-05
   971 3.989929681697e-05 3.991074556600e-05
   972 3.999798786875e-05 4.000941808238e-05
   973 4.007436363625e-05 4.008577531448e-05
   974 4.015635199774e-05 4.016774514057e-05
   975 4.025209575168e-05 4.026347051620e-05
   976 4.033407984734e-05 4.034543623355e-05
   977 4.042307579806e-05 4.043441380595e-05
   978 4.049798947019e-05 4.050930909976e-05
   979 4.059324482547e-05 4.060454623381e-05
   980 4.068121019469e-05 4.069249338179e-05
   981 4.078936043034e-05 4.080062539620e-05
   982 4.087323106747e-05 4.088447796917e-05
   983 4.096457106740e-05 4.097579990495e-05
   984 4.104010430570e-05 4.105131507909e-05
   985 4.113169841145e-05 4.114289112068e-05
   986 4.122510493977e-05 4.123627974192e-05
   987 4.132277488927e-05 4.133393178434e-05
   988 4.140722950213e-05 4.141836849012e-05
   989 4.151652853454e-05 4.152764961545e-05
   990 4.162354449348e-05 4.163464782440e-05
   991 4.171733922470e-05 4.172842480561e-05
   992 4.181834256733e-05 4.182941055533e-05
   993 4.191550825294e-05 4.192655849094e-05
   994 4.202238869153e-05 4.203342133661e-05
   995 4.210848640130e-05 4.211950145346e-05
   996 4.219473599242e-05 4.220573360874e-05
   997 4.228794992346e-05 4.229892994686e-05
   998 4.237926124272e-05 4.239022383028e-05
   999 4.245698275986e-05 4.246792806866e-05
  1000 4.256060858176e-05 4.257153645473e-05
  1001 4.264169823709e-05 4.265260883130e-05
  1002 4.273163592400e-05 4.274252923944e-05
  1003 4.283171340589e-05 4.284258944257e-05
  1004 4.291822402052e-05 4.292908293553e-05
  1005 4.301094425233e-05 4.302178588858e-05
  1006 4.311142097703e-05 4.312224564867e-05
  1007 4.319660320666e-05 4.320741075662e-05
  1008 4.328750099037e-05 4.329829157574e-05
  1009 4.336892509265e-05 4.337969855634e-05
  1010 4.345255057118e-05 4.346330722735e-05
  1011 4.353821969711e-05 4.354895938867e-05
  1012 4.359929077781e-05 4.361001366186e-05
  1013 4.368777205174e-05 4.369847797118e-05
  1014 4.374600427256e-05 4.375669354157e-05
  1015 4.381409496562e-05 4.382476742710e-05
  1016 4.390297060109e-05 4.391362641214e-05
  1017 4.397064716710e-05 4.398128632770e-05
  1018 4.405306892427e-05 4.406369143443e-05
  1019 4.416793677678e-05 4.417854263650e-05
  1020 4.424062320280e-05 4.425121256916e-05
  1021 4.433119317404e-05 4.434176604704e-05
  1022 4.442612555990e-05 4.443668193954e-05
  1023 4.449376953696e-05 4.450430942324e-05
  1024 4.458614204335e-05 4.459666559334e-05
  1025 4.467641180747e-05 4.468691902118e-05
  1026 4.475993260298e-05 4.477042348041e-05
  1027 4.482753729259e-05 4.483801199082e-05
  1028 4.492113015379e-05 4.493158851574e-05
  1029 4.499940726150e-05 4.500984944424e-05
  1030 4.507180379928e-05 4.508222995990e-05
  1031 4.513694792740e-05 4.514735790882e-05
  1032 4.525282665262e-05 4.526322061192e-05
  1033 4.532602697253e-05 4.533640490970e-05
  1034 4.541577259282e-05 4.542613450787e-05
  1035 4.548241271162e-05 4.549275860455e-05
  1036 4.556298548406e-05 4.557331551195e-05
  1037 4.565393919592e-05 4.566425335876e-05
  1038 4.575259152748e-05 4.576288982528e-05
  1039 4.580878071707e-05 4.581906314983e-05
  1040 4.590169693568e-05 4.591196366048e-05
  1041 4.595867306081e-05 4.596892407764e-05
  1042 4.600586778366e-05 4.601610309253e-05
  1043 4.608261964231e-05 4.609283924321e-05
  1044 4.616766089560e-05 4.617786494562e-05
  1045 4.623412418918e-05 4.624431253124e-05
  1046 4.632419902674e-05 4.633437181791e-05
  1047 4.641385723167e-05 4.642401462904e-05
  1048 4.648472806946e-05 4.649486991595e-05
  1049 4.654166245297e-05 4.655178890565e-05
  1050 4.662241195253e-05 4.663252301140e-05
  1051 4.669773795316e-05 4.670783361823e-05
  1052 4.675235201342e-05 4.676243228469e-05
  1053 4.683272303739e-05 4.684278807193e-05
  1054 4.691872568626e-05 4.692877548408e-05
  1055 4.702704334511e-05 4.703707790620e-05
  1056 4.710103066567e-05 4.711104999004e-05
  1057 4.717967049464e-05 4.718967473936e-05
  1058 4.725501447410e-05 4.726500363918e-05
  1059 4.732735193793e-05 4.733732602337e-05
  1060 4.738380491520e-05 4.739376392099e-05
  1061 4.747097634967e-05 4.748092027581e-05
  1062 4.758563211752e-05 4.759556112110e-05
  1063 4.767328569958e-05 4.768319978059e-05
  1064 4.773714659839e-05 4.774704575684e-05
  1065 4.781466343711e-05 4.782454783007e-05
  1066 4.786679289665e-05 4.787666236705e-05
  1067 4.795198026503e-05 4.796183496995e-05
  1068 4.801216610649e-05 4.802200604592e-05
  1069 4.811842816578e-05 4.812825333973e-05
  1070 4.819935255949e-05 4.820916312502e-05
  1071 4.828494832206e-05 4.829474412212e-05
  1072 4.836932488532e-05 4.837910607696e-05
  1073 4.844583201074e-05 4.845559859398e-05
  1074 4.853199988295e-05 4.854175201486e-05
  1075 4.861094930282e-05 4.862068682633e-05
  1076 4.869591135226e-05 4.870563442444e-05
  1077 4.877340145989e-05 4.878311008075e-05
  1078 4.882198507485e-05 4.883167924438e-05
  1079 4.890440835860e-05 4.891408823388e-05
  1080 4.898642392549e-05 4.899608934945e-05
  1081 4.907700119417e-05 4.908665232389e-05
  1082 4.912813686170e-05 4.913777369717e-05
  1083 4.919852867966e-05 4.920815137796e-05
  1084 4.925375921848e-05 4.926336762253e-05
  1085 4.934063146013e-05 4.935022572701e-05
  1086 4.942168729044e-05 4.943126742016e-05
  1087 4.950863245278e-05 4.951819844533e-05
  1088 4.960115296274e-05 4.961070481812e-05
  1089 4.964913478117e-05 4.965867265647e-05
  1090 4.970331679709e-05 4.971284053522e-05
  1091 4.978049919437e-05 4.979000895241e-05
  1092 4.987136740292e-05 4.988086333795e-05
  1093 4.995422055646e-05 4.996370251140e-05
  1094 5.003592600325e-05 5.004539397811e-05
  1095 5.012209457987e-05 5.013154873172e-05
  1096 5.021215422829e-05 5.022159455714e-05
  1097 5.028937174822e-05 5.029879825406e-05
  1098 5.036396102889e-05 5.037337386879e-05
  1099 5.044802923102e-05 5.045742824792e-05
  1100 5.051931012949e-05 5.052869548046e-05
  1101 5.059689109593e-05 5.060626278097e-05
  1102 5.068332371489e-05 5.069268173401e-05
  1103 5.077051741522e-05 5.077986192549e-05
  1104 5.086791056171e-05 5.087724140606e-05
  1105 5.094811213836e-05 5.095742947385e-05
  1106 5.103775556505e-05 5.104705939169e-05
  1107 5.109879743308e-05 5.110808775087e-05
  1108 5.116871887390e-05 5.117799583993e-05
  1109 5.127124528125e-05 5.128050873843e-05
  1110 5.135586660466e-05 5.136511671007e-05
  1111 5.143592418330e-05 5.144516093694e-05
  1112 5.150486092955e-05 5.151408433142e-05
  1113 5.158137030631e-05 5.159058051349e-05
  1114 5.165203919063e-05 5.166123604604e-05
  1115 5.172097103415e-05 5.173015469487e-05
  1116 5.179911258015e-05 5.180828304619e-05
  1117 5.190120370249e-05 5.191036097384e-05
  1118 5.200896909545e-05 5.201811317211e-05
  1119 5.208117945167e-05 5.209031049072e-05
  1120 5.219024534211e-05 5.219936334355e-05
  1121 5.224758910046e-05 5.225669406429e-05
  1122 5.232106174637e-05 5.233015367259e-05
  1123 5.240217109747e-05 5.241124998608e-05
  1124 5.249597856063e-05 5.250504441163e-05
  1125 5.258455397685e-05 5.259360694732e-05
  1126 5.265028145388e-05 5.265932154382e-05
  1127 5.274618348443e-05 5.275521069384e-05
  1128 5.285263137654e-05 5.286164570542e-05
  1129 5.297175307922e-05 5.298075468465e-05
  1130 5.307236334799e-05 5.308135207289e-05
  1131 5.315096486587e-05 5.315994086732e-05
  1132 5.322894020103e-05 5.323790347903e-05
  1133 5.333253237319e-05 5.334148292774e-05
  1134 5.339753988597e-05 5.340647787415e-05
  1135 5.347359842403e-05 5.348252368875e-05
  1136 5.354342799369e-05 5.355234069205e-05
  1137 5.362173730073e-05 5.363063743272e-05
  1138 5.370543951817e-05 5.371432708378e-05
  1139 5.381601254298e-05 5.382488754223e-05
  1140 5.387550698563e-05 5.388436941850e-05
  1141 5.398700845713e-05 5.399585848071e-05
  1142 5.409060008134e-05 5.409943769564e-05
  1143 5.418289532580e-05 5.419172053080e-05
  1144 5.428700472609e-05 5.429581752180e-05
  1145 5.436258065935e-05 5.437138104577e-05
  1146 5.443864810330e-05 5.444743623751e-05
  1147 5.452379575112e-05 5.453257163312e-05
  1148 5.458455666919e-05 5.459332014190e-05
  1149 5.466287556898e-05 5.467162678947e-05
  1150 5.474001764481e-05 5.474875677018e-05
  1151 5.485240882049e-05 5.486113569364e-05
  1152 5.493963144649e-05 5.494834622451e-05
  1153 5.502671173782e-05 5.503541426363e-05
  1154 5.512017361291e-05 5.512886404359e-05
  1155 5.522993664350e-05 5.523861497905e-05
  1156 5.534192638041e-05 5.535059277790e-05
  1157 5.543312607504e-05 5.544178037740e-05
  1158 5.555216637924e-05 5.556080874355e-05
  1159 5.563297795149e-05 5.564160837775e-05
  1160 5.573231335177e-05 5.574093183997e-05
  1161 5.583112853718e-05 5.583973508734e-05
  1162 5.592939698228e-05 5.593799159438e-05
  1163 5.604349867347e-05 5.605208134752e-05
  1164 5.613732146649e-05 5.614589235957e-05
  1165 5.623151253953e-05 5.624007165164e-05
  1166 5.633817393242e-05 5.634672126355e-05
  1167 5.645384947379e-05 5.646238502395e-05
  1168 5.655172913347e-05 5.656025290266e-05
  1169 5.664176228373e-05 5.665027442903e-05
  1170 5.677092739126e-05 5.677942775558e-05
  1171 5.686879813338e-05 5.687728687381e-05
  1172 5.699464608610e-05 5.700312320264e-05
  1173 5.709141877902e-05 5.709988427167e-05
  1174 5.722651866319e-05 5.723497268903e-05
  1175 5.732190061651e-05 5.733034301844e-05
  1176 5.742091108528e-05 5.742934202040e-05
  1177 5.752567202836e-05 5.753409133959e-05
  1178 5.759508250206e-05 5.760349034648e-05
  1179 5.769807509326e-05 5.770647162795e-05
  1180 5.783337124882e-05 5.784175631669e-05
  1181 5.793839667986e-05 5.794677028092e-05
  1182 5.803503841755e-05 5.804340070887e-05
  1183 5.811760461890e-05 5.812595560049e-05
  1184 5.823428207515e-05 5.824262158993e-05
  1185 5.834996640949e-05 5.835829477162e-05
  1186 5.848978906738e-05 5.849810611977e-05
  1187 5.857642691026e-05 5.858473265292e-05
  1188 5.871377213324e-05 5.872206672325e-05
  1189 5.881078173296e-05 5.881906501323e-05
  1190 5.893130625153e-05 5.893957837915e-05
  1191 5.904968698772e-05 5.905794796268e-05
  1192 5.913684967121e-05 5.914509965060e-05
  1193 5.927022589069e-05 5.927846471742e-05
  1194 5.936114445320e-05 5.936937212728e-05
  1195 5.948245800206e-05 5.949067468056e-05
  1196 5.956470831967e-05 5.957291400260e-05
  1197 5.969606925524e-05 5.970426394259e-05
  1198 5.984030568942e-05 5.984848938121e-05
  1199 5.996471550031e-05 5.997288819652e-05
  1200 6.006472130260e-05 6.007288316032e-05
  1201 6.017903335225e-05 6.018718421439e-05
  1202 6.034254076397e-05 6.035068078761e-05
  1203 6.044833184547e-05 6.045646103062e-05
  1204 6.054893357750e-05 6.055705192416e-05
  1205 6.069423919357e-05 6.070234670173e-05
  1206 6.079876328885e-05 6.080685995852e-05
  1207 6.094152937326e-05 6.094961536152e-05
  1208 6.103826124072e-05 6.104633639048e-05
  1209 6.115290973509e-05 6.116097420343e-05
  1210 6.124873446460e-05 6.125678825152e-05
  1211 6.133771222646e-05 6.134575533197e-05
  1212 6.147545423945e-05 6.148348666355e-05
  1213 6.158344529287e-05 6.159146703555e-05
  1214 6.170768328359e-05 6.171569450194e-05
  1215 6.181202363686e-05 6.182002433088e-05
  1216 6.194526342770e-05 6.195325344030e-05
  1217 6.205693188260e-05 6.206491137086e-05
  1218 6.217006302575e-05 6.217803198968e-05
  1219 6.228156521919e-05 6.228952381586e-05
  1220 6.239122485082e-05 6.239917292315e-05
  1221 6.249650439322e-05 6.250444209829e-05
  1222 6.258906353843e-05 6.259699071918e-05
  1223 6.273707469049e-05 6.274499150398e-05
  1224 6.287751651489e-05 6.288542296112e-05
  1225 6.298798242945e-05 6.299587850843e-05
  1226 6.312053850699e-05 6.312842421871e-05
  1227 6.323879089616e-05 6.324666639770e-05
  1228 6.338634818091e-05 6.339421331520e-05
  1229 6.354232056897e-05 6.355017549309e-05
  1230 6.368960824203e-05 6.369745279889e-05
  1231 6.383433479691e-05 6.384216914359e-05
  1232 6.397057689161e-05 6.397840102812e-05
  1233 6.409305172641e-05 6.410086580981e-05
  1234 6.425956236550e-05 6.426736623873e-05
  1235 6.439565511528e-05 6.440344877833e-05
  1236 6.455854448208e-05 6.456632809203e-05
  1237 6.467763742810e-05 6.468541098496e-05
  1238 6.482077081704e-05 6.482853432080e-05
  1239 6.495161924101e-05 6.495937269168e-05
  1240 6.509967401518e-05 6.510741741275e-05
  1241 6.525588524301e-05 6.526361858749e-05
  1242 6.539536888393e-05 6.540309233239e-05
  1243 6.554221338103e-05 6.554992677639e-05
  1244 6.564340590534e-05 6.565110940469e-05
  1245 6.578203967869e-05 6.578973328202e-05
  1246 6.592076624180e-05 6.592844994911e-05
  1247 6.605840558406e-05 6.606607939536e-05
  1248 6.617251643731e-05 6.618018035259e-05
  1249 6.628699606955e-05 6.629465008881e-05
  1250 6.640540188016e-05 6.641304616048e-05
  1251 6.655196418632e-05 6.655959857062e-05
  1252 6.667376689658e-05 6.668139154195e-05
  1253 6.682046782846e-05 6.682808273490e-05
  1254 6.693461489902e-05 6.694222006652e-05
  1255 6.708046970831e-05 6.708806513687e-05
  1256 6.721315005411e-05 6.722073574373e-05
  1257 6.737871577112e-05 6.738629187888e-05
  1258 6.749973799515e-05 6.750730436397e-05
  1259 6.765905367472e-05 6.766661046169e-05
  1260 6.780033059084e-05 6.780787779595e-05
  1261 6.793298827418e-05 6.794052589743e-05
  1262 6.807351643837e-05 6.808104447976e-05
  1263 6.821154990572e-05 6.821906836526e-05
  1264 6.838786661293e-05 6.839537549061e-05
  1265 6.854979075444e-05 6.855729020734e-05
  1266 6.869354599857e-05 6.870103586961e-05
  1267 6.883419838689e-05 6.884167883316e-05
  1268 6.899756223616e-05 6.900503325765e-05
  1269 6.914683302453e-05 6.915429446416e-05
  1270 6.929316093759e-05 6.930061310952e-05
  1271 6.945384029285e-05 6.946128304000e-05
  1272 6.960171717301e-05 6.960915049539e-05
  1273 6.976126065940e-05 6.976868455700e-05
  1274 6.989073976252e-05 6.989815439242e-05
  1275 7.003860121290e-05 7.004600657510e-05
  1276 7.019321619318e-05 7.020061213061e-05
  1277 7.032633019774e-05 7.033371686747e-05
  1278 7.047715350995e-05 7.048453091198e-05
  1279 7.062326618023e-05 7.063063431456e-05
  1280 7.078279961851e-05 7.079015864222e-05
  1281 7.094286270271e-05 7.095021245872e-05
  1282 7.111012492416e-05 7.111746541248e-05
  1283 7.123596404859e-05 7.124329542629e-05
  1284 7.138531749033e-05 7.139263975741e-05
  1285 7.149334626775e-05 7.150065942420e-05
  1286 7.165763423799e-05 7.166493828383e-05
  1287 7.180281288135e-05 7.181010781657e-05
  1288 7.196711852123e-05 7.197440434583e-05
  1289 7.211577665131e-05 7.212305336529e-05
  1290 7.226406367334e-05 7.227133143379e-05
  1291 7.237862066024e-05 7.238587931006e-05
  1292 7.253740486700e-05 7.254465456329e-05
  1293 7.267177113552e-05 7.267901187827e-05
  1294 7.283728045427e-05 7.284451224348e-05
  1295 7.299011639516e-05 7.299733923083e-05
  1296 7.314026725815e-05 7.314748114028e-05
  1297 7.329652661553e-05 7.330373154412e-05
  1298 7.345590083109e-05 7.346309680614e-05
  1299 7.360368737102e-05 7.361087454962e-05
  1300 7.376530365959e-05 7.377248188464e-05
  1301 7.392768612692e-05 7.393485555551e-05
  1302 7.405258529822e-05 7.405974593036e-05
  1303 7.423443258847e-05 7.424158442414e-05
  1304 7.440364539260e-05 7.441078843181e-05
  1305 7.458088432853e-05 7.458801857129e-05
  1306 7.472646724372e-05 7.473359269002e-05
  1307 7.490184824135e-05 7.490896504827e-05
  1308 7.503381354916e-05 7.504092155962e-05
  1309 7.520044396693e-05 7.520754333801e-05
  1310 7.536242820283e-05 7.536951893453e-05
  1311 7.557919179448e-05 7.558627372972e-05
  1312 7.574813073938e-05 7.575520403524e-05
  1313 7.591537762145e-05 7.592244227793e-05
  1314 7.607095629889e-05 7.607801231599e-05
  1315 7.623104463348e-05 7.623809216828e-05
  1316 7.638299370747e-05 7.639003260289e-05
  1317 7.654720067867e-05 7.655423093471e-05
  1318 7.672118160228e-05 7.672820337602e-05
  1319 7.687503180048e-05 7.688204509192e-05
  1320 7.704328512885e-05 7.705028993799e-05
  1321 7.717917080510e-05 7.718616697486e-05
  1322 7.733793037702e-05 7.734491806448e-05
  1323 7.748833238375e-05 7.749531174599e-05
  1324 7.759679982925e-05 7.760377070919e-05
  1325 7.776317614613e-05 7.777013854377e-05
  1326 7.788551760583e-05 7.789247152117e-05
  1327 7.803966907175e-05 7.804661466186e-05
  1328 7.820719673221e-05 7.821413399710e-05
  1329 7.837931925726e-05 7.838624803986e-05
  1330 7.853448438383e-05 7.854140484121e-05
  1331 7.861668099425e-05 7.862359312641e-05
  1332 7.876695848391e-05 7.877386229085e-05
  1333 7.892253284541e-05 7.892942832713e-05
  1334 7.908714158784e-05 7.909402890141e-05
  1335 7.923120592851e-05 7.923808491687e-05
  1336 7.938923615895e-05 7.939610682208e-05
  1337 7.952019543571e-05 7.952705793071e-05
  1338 7.966714358457e-05 7.967399791142e-05
  1339 7.983169636972e-05 7.983854237135e-05
  1340 7.999337798567e-05 8.000021581916e-05
  1341 8.014742366899e-05 8.015425333434e-05
  1342 8.030907159728e-05 8.031589309449e-05
  1343 8.046457132614e-05 8.047138465521e-05
  1344 8.062519104721e-05 8.063199636521e-05
  1345 8.075503634614e-05 8.076183349600e-05
  1346 8.091322011673e-05 8.092000909846e-05
  1347 8.109575311129e-05 8.110253408195e-05
  1348 8.126053584962e-05 8.126730880922e-05
  1349 8.139883056662e-05 8.140559535808e-05
  1350 8.155396625157e-05 8.156072303197e-05
  1351 8.173381521370e-05 8.174056398303e-05
  1352 8.186904013412e-05 8.187578089240e-05
  1353 8.200475568959e-05 8.201148843681e-05
  1354 8.215104483555e-05 8.215776972878e-05
  1355 8.230295338597e-05 8.230967026814e-05
  1356 8.245546291917e-05 8.246217179028e-05
  1357 8.262303726616e-05 8.262973828329e-05
  1358 8.276411894172e-05 8.277081210487e-05
  1359 8.289995284266e-05 8.290663799475e-05
  1360 8.301591574034e-05 8.302259303845e-05
  1361 8.315495984731e-05 8.316162929144e-05
  1362 8.327804770476e-05 8.328470929491e-05
  1363 8.343626009166e-05 8.344291382782e-05
  1364 8.360485244885e-05 8.361149833103e-05
  1365 8.374507043907e-05 8.375170862435e-05
  1366 8.393349318847e-05 8.394012351977e-05
  1367 8.403341767565e-05 8.404004015297e-05
  1368 8.418560964835e-05 8.419222442876e-05
  1369 8.431459823364e-05 8.432120531715e-05
  1370 8.445910970876e-05 8.446570893829e-05
  1371 8.463591749790e-05 8.464250903053e-05
  1372 8.478008818495e-05 8.478667202068e-05
  1373 8.496791315029e-05 8.497448928911e-05
  1374 8.513644412624e-05 8.514301256816e-05
  1375 8.529961554250e-05 8.530617628752e-05
  1376 8.547072911732e-05 8.547728232252e-05
  1377 8.562194229136e-05 8.562848779965e-05
  1378 8.577535889420e-05 8.578189686268e-05
  1379 8.593866835261e-05 8.594519862418e-05
  1380 8.608665761023e-05 8.609318034198e-05
  1381 8.628315609427e-05 8.628967128620e-05
  1382 8.651615115797e-05 8.652265865299e-05
  1383 8.667049938540e-05 8.667699934060e-05
  1384 8.683116396344e-05 8.683765637881e-05
  1385 8.700380383801e-05 8.701028871356e-05
  1386 8.717164604293e-05 8.717812353574e-05
  1387 8.735467890359e-05 8.736114885658e-05
  1388 8.753105254136e-05 8.753751495453e-05
  1389 8.768766971921e-05 8.769412474964e-05
  1390 8.784712474478e-05 8.785357223538e-05
  1391 8.799604079093e-05 8.800248089879e-05
  1392 8.813941661009e-05 8.814584933521e-05
  1393 8.829099436986e-05 8.829741955516e-05
  1394 8.842536837747e-05 8.843178618002e-05
  1395 8.861481074127e-05 8.862122116108e-05
  1396 8.874913691736e-05 8.875553995443e-05
  1397 8.893227200931e-05 8.893866766363e-05
  1398 8.907240281187e-05 8.907879124053e-05
  1399 8.926654423083e-05 8.927292527675e-05
  1400 8.946916932360e-05 8.947554298677e-05
  1401 8.960333847065e-05 8.960970490816e-05
  1402 8.971205562055e-05 8.971841467532e-05
  1403 8.987039143093e-05 8.987674326004e-05
  1404 9.007200819258e-05 9.007835279602e-05
  1405 9.023372702816e-05 9.024006440594e-05
  1406 9.038245205086e-05 9.038878220297e-05
  1407 9.055484317298e-05 9.056116609943e-05
  1408 9.070394599553e-05 9.071026169632e-05
  1409 9.090407383827e-05 9.091038231340e-05
  1410 9.104742547635e-05 9.105372672582e-05
  1411 9.121615581944e-05 9.122244984324e-05
  1412 9.144299369816e-05 9.144928065337e-05
  1413 9.159783220663e-05 9.160411193619e-05
  1414 9.181010705245e-05 9.181637971342e-05
  1415 9.194770741340e-05 9.195397284871e-05
  1416 9.214855064153e-05 9.215480900826e-05
  1417 9.229159991382e-05 9.229785121196e-05
  1418 9.251670449677e-05 9.252294872633e-05
  1419 9.266474805693e-05 9.267098521790e-05
  1420 9.281335529964e-05 9.281958539203e-05
  1421 9.301050145145e-05 9.301672447526e-05
  1422 9.320290921056e-05 9.320912516578e-05
  1423 9.337635797020e-05 9.338256701392e-05
  1424 9.351090081288e-05 9.351710278802e-05
  1425 9.370990313212e-05 9.371609803867e-05
  1426 9.390464477602e-05 9.391083277107e-05
  1427 9.407174981655e-05 9.407793074301e-05
  1428 9.425298602051e-05 9.425916003548e-05
  1429 9.441879653057e-05 9.442496363403e-05
  1430 9.461828674572e-05 9.462444693767e-05
  1431 9.480178715053e-05 9.480794043098e-05
  1432 9.495161060121e-05 9.495775697015e-05
  1433 9.512401687895e-05 9.513015633639e-05
  1434 9.529563332271e-05 9.530176586865e-05
  1435 9.550204204014e-05 9.550816767457e-05
  1436 9.567011538972e-05 9.567623411265e-05
  1437 9.592551472426e-05 9.593162669277e-05
  1438 9.612909269662e-05 9.613519775362e-05
  1439 9.631305988611e-05 9.631915818869e-05
  1440 9.648605827730e-05 9.649214966838e-05
  1441 9.663836959286e-05 9.664445422951e-05
  1442 9.678774363367e-05 9.679382151589e-05
  1443 9.696534960205e-05 9.697142072986e-05
  1444 9.715744835164e-05 9.716351272502e-05
  1445 9.733669947720e-05 9.734275709615e-05
  1446 9.749205443891e-05 9.749810530344e-05
  1447 9.766682044931e-05 9.767286455942e-05
  1448 9.781521805928e-05 9.782125541497e-05
  1449 9.800992250381e-05 9.801595310506e-05
  1450 9.821414464718e-05 9.822016865110e-05
  1451 9.840353144158e-05 9.840954869107e-05
  1452 9.863407454118e-05 9.864008519332e-05
  1453 9.883372240970e-05 9.883972630742e-05
  1454 9.902277759811e-05 9.902877489849e-05
  1455 9.913786550699e-05 9.914385621002e-05
  1456 9.931216754987e-05 9.931815165556e-05
  1457 9.944255635277e-05 9.944853386111e-05
  1458 9.958508427605e-05 9.959105502997e-05
  1459 9.981035262251e-05 9.981631693616e-05
  1460 1.000245345311e-04 1.000304922474e-04
  1461 1.002368315523e-04 1.002427826712e-04
  1462 1.005009060657e-04 1.005068505873e-04
  1463 1.007242148504e-04 1.007301527747e-04
  1464 1.008746064331e-04 1.008805379171e-04
  1465 1.010417435514e-04 1.010476684381e-04
  1466 1.012321119337e-04 1.012380303801e-04
  1467 1.014119621735e-04 1.014178740225e-04
  1468 1.016619326172e-04 1.016678380260e-04
  1469 1.018420189450e-04 1.018479179135e-04
  1470 1.020264867763e-04 1.020323793046e-04
  1471 1.022251789401e-04 1.022310650281e-04
  1472 1.023513077678e-04 1.023571872585e-04
  1473 1.025106815217e-04 1.025165547292e-04
  1474 1.026884242295e-04 1.026942909967e-04
  1475 1.029300912947e-04 1.029359516217e-04
  1476 1.031590539269e-04 1.031649078136e-04
  1477 1.033676929110e-04 1.033735403575e-04
  1478 1.035674180767e-04 1.035732592399e-04
  1479 1.037505540473e-04 1.037563887702e-04
  1480 1.039300824100e-04 1.039359108498e-04
  1481 1.041237042008e-04 1.041295262003e-04
  1482 1.043209348579e-04 1.043267505742e-04
  1483 1.044941440831e-04 1.044999535162e-04
  1484 1.047236830909e-04 1.047294862408e-04
  1485 1.049392967067e-04 1.049450934164e-04
  1486 1.051597201796e-04 1.051655106061e-04
  1487 1.054138824477e-04 1.054196665910e-04
  1488 1.055645300510e-04 1.055703079111e-04
  1489 1.058169361339e-04 1.058227078680e-04
  1490 1.060597792119e-04 1.060655446628e-04
  1491 1.062842304696e-04 1.062899896373e-04
  1492 1.065529786947e-04 1.065587315792e-04
  1493 1.067438294134e-04 1.067495761717e-04
  1494 1.069606128397e-04 1.069663533149e-04
  1495 1.071966075554e-04 1.072023419045e-04
  1496 1.073798901182e-04 1.073856181841e-04
  1497 1.075887214274e-04 1.075944433672e-04
  1498 1.077730587989e-04 1.077787746125e-04
  1499 1.079832749285e-04 1.079889846160e-04
  1500 1.081853374538e-04 1.081910410152e-04
  1501 1.084694583662e-04 1.084751556444e-04
  1502 1.086518217466e-04 1.086575128988e-04
  1503 1.088800330602e-04 1.088857182434e-04
  1504 1.091370929581e-04 1.091427720152e-04
  1505 1.093771468302e-04 1.093828197611e-04
  1506 1.095918449874e-04 1.095975117922e-04
  1507 1.098011124956e-04 1.098067731743e-04
  1508 1.100518894752e-04 1.100575441849e-04
  1509 1.102266869482e-04 1.102323355318e-04
  1510 1.104304413046e-04 1.104360839191e-04
  1511 1.106068842643e-04 1.106125207528e-04
  1512 1.107866868599e-04 1.107923173793e-04
  1513 1.110632966331e-04 1.110689211835e-04
  1514 1.113210530797e-04 1.113266716611e-04
  1515 1.115298314944e-04 1.115354439497e-04
  1516 1.117572828633e-04 1.117628893495e-04
  1517 1.119917761609e-04 1.119973766781e-04
  1518 1.122958333263e-04 1.123014278745e-04
  1519 1.124870711268e-04 1.124926598631e-04
  1520 1.127676598133e-04 1.127732425805e-04
  1521 1.129451595826e-04 1.129507363808e-04
  1522 1.131835206855e-04 1.131890915146e-04
  1523 1.134328731630e-04 1.134384381802e-04
  1524 1.136431233737e-04 1.136486824219e-04
  1525 1.139084481879e-04 1.139140012670e-04
  1526 1.141738726447e-04 1.141794199119e-04
  1527 1.144012696050e-04 1.144068110603e-04
  1528 1.146356834705e-04 1.146412189567e-04
  1529 1.148839619522e-04 1.148894916265e-04
  1530 1.151769529640e-04 1.151824768264e-04
  1531 1.154556275746e-04 1.154611456250e-04
  1532 1.157260767159e-04 1.157315889544e-04
  1533 1.159573561211e-04 1.159628625476e-04
  1534 1.162084182347e-04 1.162139188493e-04
  1535 1.164323240651e-04 1.164378188677e-04
  1536 1.167427353680e-04 1.167482243587e-04
  1537 1.169425825065e-04 1.169480656852e-04
  1538 1.171627490972e-04 1.171682264640e-04
  1539 1.174500114797e-04 1.174554831917e-04
  1540 1.176829598545e-04 1.176884257545e-04
  1541 1.179770068672e-04 1.179824671124e-04
  1542 1.182173730485e-04 1.182228274816e-04
  1543 1.184698968114e-04 1.184753455897e-04
  1544 1.187181993012e-04 1.187236422676e-04
  1545 1.189406565254e-04 1.189460938369e-04
  1546 1.191894742595e-04 1.191949059161e-04
  1547 1.194602097435e-04 1.194656357453e-04
  1548 1.196993911791e-04 1.197048113689e-04
  1549 1.199694882673e-04 1.199749028023e-04
  1550 1.201476191794e-04 1.201530280595e-04
  1551 1.204031661492e-04 1.204085693744e-04
  1552 1.206563050973e-04 1.206617028248e-04
  1553 1.209866606743e-04 1.209920527469e-04
  1554 1.212079116879e-04 1.212132981056e-04
  1555 1.215100107086e-04 1.215153914714e-04
  1556 1.217071595879e-04 1.217125348529e-04
  1557 1.220142024299e-04 1.220195720401e-04
  1558 1.222503946619e-04 1.222557587742e-04
  1559 1.224949525009e-04 1.225003109584e-04
  1560 1.227188944646e-04 1.227242474243e-04
  1561 1.229417020810e-04 1.229470493859e-04
  1562 1.231920787366e-04 1.231974205436e-04
  1563 1.234446283048e-04 1.234499646141e-04
  1564 1.236967869546e-04 1.237021177661e-04
  1565 1.239689418505e-04 1.239742670072e-04
  1566 1.242368782220e-04 1.242421978809e-04
  1567 1.245376558235e-04 1.245429699846e-04
  1568 1.248750122198e-04 1.248803208830e-04
  1569 1.251440984813e-04 1.251494018038e-04
  1570 1.254841879138e-04 1.254894857386e-04
  1571 1.257472533725e-04 1.257525456994e-04
  1572 1.260811888277e-04 1.260864756569e-04
  1573 1.262888503931e-04 1.262941318816e-04
  1574 1.265568442586e-04 1.265621202493e-04
  1575 1.268725753534e-04 1.268778458463e-04
  1576 1.271450539275e-04 1.271503190797e-04
  1577 1.274463141506e-04 1.274515738050e-04
  1578 1.277179934001e-04 1.277232477138e-04
  1579 1.280333913215e-04 1.280386402945e-04
  1580 1.283500514384e-04 1.283552949136e-04
  1581 1.286131520868e-04 1.286183902213e-04
  1582 1.289336099506e-04 1.289388427444e-04
  1583 1.292038833516e-04 1.292091108047e-04
  1584 1.294926385197e-04 1.294978606321e-04
  1585 1.297767328766e-04 1.297819496483e-04
  1586 1.300807576444e-04 1.300859690753e-04
  1587 1.302682004920e-04 1.302734065823e-04
  1588 1.305265238246e-04 1.305317245741e-04
  1589 1.308271964832e-04 1.308323918921e-04
  1590 1.310992891049e-04 1.311044793301e-04
  1591 1.314004916194e-04 1.314056765039e-04
  1592 1.316694482457e-04 1.316746277895e-04
  1593 1.319227113532e-04 1.319278857134e-04
  1594 1.322496965802e-04 1.322548655997e-04
  1595 1.324797590048e-04 1.324849228406e-04
  1596 1.328024897282e-04 1.328076483804e-04
  1597 1.330869018276e-04 1.330920551391e-04
  1598 1.334210035024e-04 1.334261516303e-04
  1599 1.337253139228e-04 1.337304568670e-04
  1600 1.339991944736e-04 1.340043320771e-04
  1601 1.343354244468e-04 1.343405568667e-04
  1602 1.346626209215e-04 1.346677481578e-04
  1603 1.350082655246e-04 1.350133875773e-04
  1604 1.353581104720e-04 1.353632273410e-04
  1605 1.356392899540e-04 1.356444016394e-04
  1606 1.359108627105e-04 1.359159692123e-04
  1607 1.362530881202e-04 1.362581895954e-04
  1608 1.365121783857e-04 1.365172746773e-04
  1609 1.368256153069e-04 1.368307064149e-04
  1610 1.371107780693e-04 1.371158641507e-04
  1611 1.373765007432e-04 1.373815816410e-04
  1612 1.376562430791e-04 1.376613187933e-04
  1613 1.380449265277e-04 1.380499972154e-04
  1614 1.383108686690e-04 1.383159341730e-04
  1615 1.386226752229e-04 1.386277357003e-04
  1616 1.388919664709e-04 1.388970219218e-04
  1617 1.391523178347e-04 1.391573681020e-04
  1618 1.394654941618e-04 1.394705394025e-04
  1619 1.397114202102e-04 1.397164604243e-04
  1620 1.400780901193e-04 1.400831253069e-04
  1621 1.403444598495e-04 1.403494900105e-04
  1622 1.405679927319e-04 1.405730178664e-04
  1623 1.408144877350e-04 1.408195078430e-04
  1624 1.410802223907e-04 1.410852374722e-04
  1625 1.414054027723e-04 1.414104128271e-04
  1626 1.417410720385e-04 1.417460770668e-04
  1627 1.420595115154e-04 1.420645115172e-04
  1628 1.424242523674e-04 1.424292474997e-04
  1629 1.427116143441e-04 1.427166044498e-04
  1630 1.430236825812e-04 1.430286676604e-04
  1631 1.433112685216e-04 1.433162487314e-04
  1632 1.436285405389e-04 1.436335157221e-04
  1633 1.439232413737e-04 1.439282116875e-04
  1634 1.442475006925e-04 1.442524659797e-04
  1635 1.445881680153e-04 1.445931284331e-04
  1636 1.449416261680e-04 1.449465817162e-04
  1637 1.452907486327e-04 1.452956991544e-04
  1638 1.455997974989e-04 1.456047431511e-04
  1639 1.459787557684e-04 1.459836965512e-04
  1640 1.461895889636e-04 1.461945248769e-04
  1641 1.464694800450e-04 1.464744110888e-04
  1642 1.467961981470e-04 1.468011243213e-04
  1643 1.471667751490e-04 1.471716964539e-04
  1644 1.474755617951e-04 1.474804782305e-04
  1645 1.478174927138e-04 1.478224042798e-04
  1646 1.481227277260e-04 1.481276344224e-04
  1647 1.484298113578e-04 1.484347131848e-04
  1648 1.487361722320e-04 1.487410693466e-04
  1649 1.490296707517e-04 1.490345629968e-04
  1650 1.493423826316e-04 1.493472700073e-04
  1651 1.497219046428e-04 1.497267873061e-04
  1652 1.500140219726e-04 1.500188997664e-04
  1653 1.503723683182e-04 1.503772413996e-04
  1654 1.507121765000e-04 1.507170447120e-04
  1655 1.510659026162e-04 1.510707661157e-04
  1656 1.513874663154e-04 1.513923251026e-04
  1657 1.517202742035e-04 1.517251281212e-04
  1658 1.520093087922e-04 1.520141579975e-04
  1659 1.523516862021e-04 1.523565306950e-04
  1660 1.527494344292e-04 1.527542742098e-04
  1661 1.531365400311e-04 1.531413750992e-04
  1662 1.535101266342e-04 1.535149569900e-04
  1663 1.538139459745e-04 1.538187716179e-04
  1664 1.541774505883e-04 1.541822715194e-04
  1665 1.544503478227e-04 1.544551640413e-04
  1666 1.547572528801e-04 1.547620643863e-04
  1667 1.551464514738e-04 1.551512582676e-04
  1668 1.554224427121e-04 1.554272447936e-04
  1669 1.557770230502e-04 1.557818205764e-04
  1670 1.561049644327e-04 1.561097572465e-04
  1671 1.564081551605e-04 1.564129432619e-04
  1672 1.567513760578e-04 1.567561596038e-04
  1673 1.570068613636e-04 1.570116401973e-04
  1674 1.572959007221e-04 1.573006750004e-04
  1675 1.575882510647e-04 1.575930206306e-04
  1676 1.579152686803e-04 1.579200336909e-04
  1677 1.582468103100e-04 1.582515706083e-04
  1678 1.585987382365e-04 1.586034939794e-04
  1679 1.589411990216e-04 1.589459502093e-04
  1680 1.592511369059e-04 1.592558835383e-04
  1681 1.596095117969e-04 1.596142538740e-04
  1682 1.599047075440e-04 1.599094449086e-04
  1683 1.602045955947e-04 1.602093284040e-04
  1684 1.604944843641e-04 1.604992126182e-04
  1685 1.609061665155e-04 1.609108902143e-04
  1686 1.612376411723e-04 1.612423603157e-04
  1687 1.616069470099e-04 1.616116615980e-04
  1688 1.620378060582e-04 1.620425162481e-04
  1689 1.623374126929e-04 1.623421183274e-04
  1690 1.627039581156e-04 1.627086591948e-04
  1691 1.631046276736e-04 1.631093241976e-04
  1692 1.634852381622e-04 1.634899302879e-04
  1693 1.638857968240e-04 1.638904843944e-04
  1694 1.642854065559e-04 1.642900895709e-04
  1695 1.646388041725e-04 1.646434827893e-04
  1696 1.649927356427e-04 1.649974097043e-04
  1697 1.653485403172e-04 1.653532099805e-04
  1698 1.657498221759e-04 1.657544874410e-04
  1699 1.660337061158e-04 1.660383668256e-04
  1700 1.664355068995e-04 1.664401632111e-04
  1701 1.668291036578e-04 1.668337555711e-04
  1702 1.672273816955e-04 1.672320290535e-04
  1703 1.676515336403e-04 1.676561766001e-04
  1704 1.680719777841e-04 1.680766163457e-04
  1705 1.683838415551e-04 1.683884757184e-04
  1706 1.688061821994e-04 1.688108119645e-04
  1707 1.691246384296e-04 1.691292637964e-04
  1708 1.694983418494e-04 1.695029628180e-04
  1709 1.699267528119e-04 1.699313693823e-04
  1710 1.704030114103e-04 1.704076235825e-04
  1711 1.707371076433e-04 1.707417154172e-04
  1712 1.711210528924e-04 1.711256564252e-04
  1713 1.714950673020e-04 1.714996664366e-04
  1714 1.718172885845e-04 1.718218833209e-04
  1715 1.722044297430e-04 1.722090200811e-04
  1716 1.725912169867e-04 1.725958030837e-04
  1717 1.729597552675e-04 1.729643369662e-04
  1718 1.733209633808e-04 1.733255408384e-04
  1719 1.737063276100e-04 1.737109006694e-04
  1720 1.740777672005e-04 1.740823360187e-04
  1721 1.744068153303e-04 1.744113797503e-04
  1722 1.747675792496e-04 1.747721394284e-04
  1723 1.751035802096e-04 1.751081361472e-04
  1724 1.754669404718e-04 1.754714920112e-04
  1725 1.758724988669e-04 1.758770461651e-04
  1726 1.762088412654e-04 1.762133843225e-04
  1727 1.765811878348e-04 1.765857266508e-04
  1728 1.768688662003e-04 1.768734007752e-04
  1729 1.772085030696e-04 1.772130334033e-04
  1730 1.774755310542e-04 1.774800571467e-04
  1731 1.778508339566e-04 1.778553558079e-04
  1732 1.781533748822e-04 1.781578924925e-04
  1733 1.785571346367e-04 1.785616480058e-04
  1734 1.790028079460e-04 1.790073170739e-04
  1735 1.793869062100e-04 1.793914110968e-04
  1736 1.797623756751e-04 1.797668763207e-04
  1737 1.801222863280e-04 1.801267828896e-04
  1738 1.804854258265e-04 1.804899181470e-04
  1739 1.808626955933e-04 1.808671836726e-04
  1740 1.812440170255e-04 1.812485010207e-04
  1741 1.816368290597e-04 1.816413088138e-04
  1742 1.820155803300e-04 1.820200558428e-04
  1743 1.824117960405e-04 1.824162674693e-04
  1744 1.827448726458e-04 1.827493398335e-04
  1745 1.832059573394e-04 1.832104204430e-04
  1746 1.836223996443e-04 1.836268586638e-04
  1747 1.839862669627e-04 1.839907217410e-04
  1748 1.844566055395e-04 1.844610562338e-04
  1749 1.849101924748e-04 1.849146390851e-04
  1750 1.853493030223e-04 1.853537455484e-04
  1751 1.857312747644e-04 1.857357130494e-04
  1752 1.861859262867e-04 1.861903604877e-04
  1753 1.865322368135e-04 1.865366669304e-04
  1754 1.869296811313e-04 1.869341071641e-04
  1755 1.873099879615e-04 1.873144099102e-04
  1756 1.877396293723e-04 1.877440472369e-04
  1757 1.882164585481e-04 1.882208723287e-04
  1758 1.886400852949e-04 1.886444949914e-04
  1759 1.890594449195e-04 1.890638505320e-04
  1760 1.894709460277e-04 1.894753477132e-04
  1761 1.898260629925e-04 1.898304605939e-04
  1762 1.902579498716e-04 1.902623433889e-04
  1763 1.906608487253e-04 1.906652381586e-04
  1764 1.911273650972e-04 1.911317506035e-04
  1765 1.913806799792e-04 1.913850614014e-04
  1766 1.918035257853e-04 1.918079031234e-04
  1767 1.922436116189e-04 1.922479850300e-04
  1768 1.926129983823e-04 1.926173677094e-04
  1769 1.929279382179e-04 1.929323036180e-04
  1770 1.932519764533e-04 1.932563379264e-04
  1771 1.937074745067e-04 1.937118318957e-04
  1772 1.941029703339e-04 1.941073237959e-04
  1773 1.945593154159e-04 1.945636647938e-04
  1774 1.949849239861e-04 1.949892694371e-04
  1775 1.954862331008e-04 1.954905746247e-04
  1776 1.958992423116e-04 1.959035799085e-04
  1777 1.962871469801e-04 1.962914806501e-04
  1778 1.967734320852e-04 1.967777616711e-04
  1779 1.972268941720e-04 1.972312198310e-04
  1780 1.976604122388e-04 1.976647339707e-04
  1781 1.981273334824e-04 1.981316512874e-04
  1782 1.986085287526e-04 1.986128426306e-04
  1783 1.991401293852e-04 1.991444393362e-04
  1784 1.995890621832e-04 1.995933682071e-04
  1785 2.000569524134e-04 2.000612546674e-04
  1786 2.005099266077e-04 2.005142249348e-04
  1787 2.009494835575e-04 2.009537779576e-04
  1788 2.014165295563e-04 2.014208200294e-04
  1789 2.019300005766e-04 2.019342871227e-04
  1790 2.023936242058e-04 2.023979069820e-04
  1791 2.028257041748e-04 2.028299830240e-04
  1792 2.032817985416e-04 2.032860736209e-04
  1793 2.037456720167e-04 2.037499431690e-04
  1794 2.041854274631e-04 2.041896946884e-04
  1795 2.045475522795e-04 2.045518157348e-04
  1796 2.050082359099e-04 2.050124954383e-04
  1797 2.054423087058e-04 2.054465644643e-04
  1798 2.058220171608e-04 2.058262691494e-04
  1799 2.062793261423e-04 2.062835742039e-04
  1800 2.068110892071e-04 2.068153334988e-04
  1801 2.072632556291e-04 2.072674961508e-04
  1802 2.077168766257e-04 2.077211132205e-04
  1803 2.081009499524e-04 2.081051827772e-04
  1804 2.085341849936e-04 2.085384140485e-04
  1805 2.090849128833e-04 2.090891381684e-04
  1806 2.094992421541e-04 2.095034636693e-04
  1807 2.099569136722e-04 2.099611314174e-04
  1808 2.104629263984e-04 2.104671403737e-04
  1809 2.109961189519e-04 2.110003291573e-04
  1810 2.115485610708e-04 2.115527675063e-04
  1811 2.120825156739e-04 2.120867183395e-04
  1812 2.126055766398e-04 2.126097755355e-04
  1813 2.131327462002e-04 2.131369413260e-04
  1814 2.135885672067e-04 2.135927585625e-04
  1815 2.141306187584e-04 2.141348063443e-04
  1816 2.146394026087e-04 2.146435865818e-04
  1817 2.151978058117e-04 2.152019860149e-04
  1818 2.157358680826e-04 2.157400445159e-04
  1819 2.161686819060e-04 2.161728547264e-04
  1820 2.166168419018e-04 2.166210109523e-04
  1821 2.172436860749e-04 2.172478513555e-04
  1822 2.177655604229e-04 2.177697220907e-04
  1823 2.183387837140e-04 2.183429416119e-04
  1824 2.189054869015e-04 2.189096411865e-04
  1825 2.194383170685e-04 2.194424675836e-04
  1826 2.200326105013e-04 2.200367574036e-04
  1827 2.205615171392e-04 2.205656604287e-04
  1828 2.210992322795e-04 2.211033717991e-04
  1829 2.215449787481e-04 2.215491146549e-04
  1830 2.220124723016e-04 2.220166045955e-04
  1831 2.224284781324e-04 2.224326068135e-04
  1832 2.229258154104e-04 2.229299403216e-04
  1833 2.233835430837e-04 2.233876643820e-04
  1834 2.239754315798e-04 2.239795492652e-04
  1835 2.245431517009e-04 2.245472657736e-04
  1836 2.250604555340e-04 2.250645659938e-04
  1837 2.255635039443e-04 2.255676107913e-04
  1838 2.260989198167e-04 2.261030230508e-04
  1839 2.266807480268e-04 2.266848476481e-04
  1840 2.272251411388e-04 2.272292371473e-04
  1841 2.276730952471e-04 2.276771876428e-04
  1842 2.281696605339e-04 2.281737493168e-04
  1843 2.285627335430e-04 2.285668187130e-04
  1844 2.291524668099e-04 2.291565483670e-04
  1845 2.296072830478e-04 2.296113611492e-04
  1846 2.300625849712e-04 2.300666594598e-04
  1847 2.306413815571e-04 2.306454524328e-04
  1848 2.310813173383e-04 2.310853847583e-04
  1849 2.316292373810e-04 2.316333011882e-04
  1850 2.321645279351e-04 2.321685881295e-04
  1851 2.327446522895e-04 2.327487090281e-04
  1852 2.332414992614e-04 2.332455523871e-04
  1853 2.338189013524e-04 2.338229510224e-04
  1854 2.343509968136e-04 2.343550428708e-04
  1855 2.348549331961e-04 2.348589757976e-04
  1856 2.353572638750e-04 2.353613028636e-04
  1857 2.358453652001e-04 2.358494007329e-04
  1858 2.362982997503e-04 2.363023318274e-04
  1859 2.369265453037e-04 2.369305737680e-04
  1860 2.374066760755e-04 2.374107010840e-04
  1861 2.380166189365e-04 2.380206404892e-04
  1862 2.385345485753e-04 2.385385665152e-04
  1863 2.391942953561e-04 2.391983098403e-04
  1864 2.397373247169e-04 2.397413357453e-04
  1865 2.402674713206e-04 2.402714788932e-04
  1866 2.408497068555e-04 2.408537109724e-04
  1867 2.413514456544e-04 2.413554463156e-04
  1868 2.419980604910e-04 2.420020576964e-04
  1869 2.425327749817e-04 2.425367687313e-04
  1870 2.431526427986e-04 2.431566330925e-04
  1871 2.437825481071e-04 2.437865349452e-04
  1872 2.443944339626e-04 2.443984173450e-04
  1873 2.449631722310e-04 2.449671521577e-04
  1874 2.454563728518e-04 2.454603493227e-04
  1875 2.460502662045e-04 2.460542392196e-04
  1876 2.466424203602e-04 2.466463900767e-04
  1877 2.472970748261e-04 2.473010410868e-04
  1878 2.478542134520e-04 2.478581762570e-04
  1879 2.482929659692e-04 2.482969253184e-04
  1880 2.489323525138e-04 2.489363085643e-04
  1881 2.495274995942e-04 2.495314521890e-04
  1882 2.500613181101e-04 2.500652672491e-04
  1883 2.506316801249e-04 2.506356259652e-04
  1884 2.512471979821e-04 2.512511403667e-04
  1885 2.518776282593e-04 2.518815673452e-04
  1886 2.525079902878e-04 2.525119259180e-04
  1887 2.531456754937e-04 2.531496078253e-04
  1888 2.536925226907e-04 2.536964515664e-04
  1889 2.543041950468e-04 2.543081206239e-04
  1890 2.548319577418e-04 2.548358800203e-04
  1891 2.554252304830e-04 2.554291493056e-04
  1892 2.560442795481e-04 2.560481950722e-04
  1893 2.565712886182e-04 2.565752008435e-04
  1894 2.572657837452e-04 2.572696926719e-04
  1895 2.578528953561e-04 2.578568008270e-04
  1896 2.583981441683e-04 2.584020463405e-04
  1897 2.589556001335e-04 2.589594990071e-04
  1898 2.595861690873e-04 2.595900646622e-04
  1899 2.601937287100e-04 2.601976209862e-04
  1900 2.606876354954e-04 2.606915244730e-04
  1901 2.611991268752e-04 2.612030125541e-04
  1902 2.618187462434e-04 2.618226286236e-04
  1903 2.623595776677e-04 2.623634567492e-04
  1904 2.628915282427e-04 2.628954040256e-04
  1905 2.634818057363e-04 2.634856782205e-04
  1906 2.639819657661e-04 2.639858349516e-04
  1907 2.645063453471e-04 2.645102112340e-04
  1908 2.651000629086e-04 2.651039254968e-04
  1909 2.656976934415e-04 2.657015527310e-04
  1910 2.663421883690e-04 2.663460445169e-04
  1911 2.669594023398e-04 2.669632551890e-04
  1912 2.675772323977e-04 2.675810819483e-04
  1913 2.681121266665e-04 2.681159729184e-04
  1914 2.687212288874e-04 2.687250719977e-04
  1915 2.693133887858e-04 2.693172285974e-04
  1916 2.700484266926e-04 2.700522632056e-04
  1917 2.707328983766e-04 2.707367317479e-04
  1918 2.714543069548e-04 2.714581370274e-04
  1919 2.721731642588e-04 2.721769911899e-04
  1920 2.729449537039e-04 2.729487773363e-04
  1921 2.734131434150e-04 2.734169639058e-04
  1922 2.740424371149e-04 2.740462543070e-04
  1923 2.747233882457e-04 2.747272022963e-04
  1924 2.753396851706e-04 2.753434960795e-04
  1925 2.759598751277e-04 2.759636827380e-04
  1926 2.767652450095e-04 2.767690494782e-04
  1927 2.774364412186e-04 2.774402425457e-04
  1928 2.780148048624e-04 2.780186028908e-04
  1929 2.786894860168e-04 2.786932809036e-04
  1930 2.793001064568e-04 2.793038982020e-04
  1931 2.799491623184e-04 2.799529509221e-04
  1932 2.805723978962e-04 2.805761832012e-04
  1933 2.813457451794e-04 2.813495273428e-04
  1934 2.820376271629e-04 2.820414061847e-04
  1935 2.826554012497e-04 2.826591771299e-04
  1936 2.833479271875e-04 2.833516999262e-04
  1937 2.839319180801e-04 2.839356876771e-04
  1938 2.845685130200e-04 2.845722794754e-04
  1939 2.851223383552e-04 2.851261016690e-04
  1940 2.856906450629e-04 2.856944052352e-04
  1941 2.865097282487e-04 2.865134852794e-04
  1942 2.871399548614e-04 2.871437087505e-04
  1943 2.878586844399e-04 2.878624351873e-04
  1944 2.885836945766e-04 2.885874423395e-04
  1945 2.892847992139e-04 2.892885438353e-04
  1946 2.897290765699e-04 2.897328180496e-04
  1947 2.904663298135e-04 2.904700681517e-04
  1948 2.912405676449e-04 2.912443028414e-04
  1949 2.919154597419e-04 2.919191919540e-04
  1950 2.925306164766e-04 2.925343455471e-04
  1951 2.932123527128e-04 2.932160786417e-04
  1952 2.937845787603e-04 2.937883017047e-04
  1953 2.943912090469e-04 2.943949288497e-04
  1954 2.949821370840e-04 2.949858539023e-04
  1955 2.956337798635e-04 2.956374935402e-04
  1956 2.963269851595e-04 2.963306956946e-04
  1957 2.969659883514e-04 2.969696959020e-04
  1958 2.976795557165e-04 2.976832602826e-04
  1959 2.985283104465e-04 2.985320118710e-04
  1960 2.992152028786e-04 2.992189013185e-04
  1961 2.999244492273e-04 2.999281445257e-04
  1962 3.007149902645e-04 3.007186825783e-04
  1963 3.012839128054e-04 3.012876021347e-04
  1964 3.019037829151e-04 3.019074691028e-04
  1965 3.026199872822e-04 3.026236704855e-04
  1966 3.034307778333e-04 3.034344580520e-04
  1967 3.040365728006e-04 3.040402498777e-04
  1968 3.047222935504e-04 3.047259676430e-04
  1969 3.054763489128e-04 3.054800200209e-04
  1970 3.062529944587e-04 3.062566625823e-04
  1971 3.068988391256e-04 3.069025042647e-04
  1972 3.076236951350e-04 3.076273572895e-04
  1973 3.083798662339e-04 3.083835252468e-04
  1974 3.091004075914e-04 3.091040636198e-04
  1975 3.099236312839e-04 3.099272843279e-04
  1976 3.105912824935e-04 3.105949325529e-04
  1977 3.114593143691e-04 3.114629614440e-04
  1978 3.120664563111e-04 3.120701004015e-04
  1979 3.127167276739e-04 3.127203687798e-04
  1980 3.134304111034e-04 3.134340493818e-04
  1981 3.141399221640e-04 3.141435574579e-04
  1982 3.149376935626e-04 3.149413258721e-04
  1983 3.158800619804e-04 3.158836913053e-04
  1984 3.165592140738e-04 3.165628404142e-04
  1985 3.172890521157e-04 3.172926754716e-04
  1986 3.180200049528e-04 3.180236254812e-04
  1987 3.186905382811e-04 3.186941558250e-04
  1988 3.195195164036e-04 3.195231309630e-04
  1989 3.201267624758e-04 3.201303740507e-04
  1990 3.209497816897e-04 3.209533904371e-04
  1991 3.216756149698e-04 3.216792207328e-04
  1992 3.225595256554e-04 3.225631285909e-04
  1993 3.233749845047e-04 3.233785844557e-04
  1994 3.240448878411e-04 3.240484848076e-04
  1995 3.247470203217e-04 3.247506144607e-04
  1996 3.254319648343e-04 3.254355559889e-04
  1997 3.261431034690e-04 3.261466917961e-04
  1998 3.270516300185e-04 3.270552153611e-04
  1999 3.277775816968e-04 3.277811642120e-04
  2000 3.285798593315e-04 3.285834388622e-04
  2001 3.293447637816e-04 3.293483404848e-04
  2002 3.301674347499e-04 3.301710086257e-04
  2003 3.308521759124e-04 3.308557468037e-04
  2004 3.318040963133e-04 3.318076643772e-04
  2005 3.325523864224e-04 3.325559516589e-04
  2006 3.334179275265e-04 3.334214897784e-04
  2007 3.343532995701e-04 3.343568589946e-04
  2008 3.350959264111e-04 3.350994830081e-04
  2009 3.360213149913e-04 3.360248687609e-04
  2010 3.369436134163e-04 3.369471643585e-04
  2011 3.377924255177e-04 3.377959734754e-04
  2012 3.386302562740e-04 3.386338014042e-04
  2013 3.394634830772e-04 3.394670253800e-04
  2014 3.402946968737e-04 3.402982363490e-04
  2015 3.411731495760e-04 3.411766862240e-04
  2016 3.419447436502e-04 3.419482774707e-04
  2017 3.428222009913e-04 3.428257319843e-04
  2018 3.435437157413e-04 3.435472439069e-04
  2019 3.443946926912e-04 3.443982180294e-04
  2020 3.452459871268e-04 3.452495096376e-04
  2021 3.461304989912e-04 3.461340186746e-04
  2022 3.468389167183e-04 3.468424335742e-04
  2023 3.478125032968e-04 3.478160173252e-04
  2024 3.487412822675e-04 3.487447934685e-04
  2025 3.497285089102e-04 3.497320174409e-04
  2026 3.504614070173e-04 3.504649127206e-04
  2027 3.513253454418e-04 3.513288483176e-04
  2028 3.521483090427e-04 3.521518090911e-04
  2029 3.530156619855e-04 3.530191592064e-04
  2030 3.536473371838e-04 3.536508317343e-04
  2031 3.544292379431e-04 3.544327296663e-04
  2032 3.551816621663e-04 3.551851510620e-04
  2033 3.560410149355e-04 3.560445011609e-04
  2034 3.570692796295e-04 3.570727630274e-04
  2035 3.579066771791e-04 3.579101577496e-04
  2036 3.588944185771e-04 3.588978964772e-04
  2037 3.597534121737e-04 3.597568872464e-04
  2038 3.607134880148e-04 3.607169604171e-04
  2039 3.617343223978e-04 3.617377919727e-04
  2040 3.622104499837e-04 3.622139168883e-04
  2041 3.626676299393e-04 3.626710940164e-04
  2042 3.631668907559e-04 3.631703521626e-04
  2043 3.634653315511e-04 3.634687901305e-04
  2044 3.637012206653e-04 3.637046765743e-04
  2045 3.640377580256e-04 3.640412112642e-04
  2046 3.646046718760e-04 3.646081222872e-04
  2047 3.650487706137e-04 3.650522183546e-04
  2048 3.655372698655e-04 3.655407147789e-04
