 precompute diagonal preconditioner
 |Mb|^2   1159.72266885391      |b|^2   39300.3733787692     
 initial ratio, |b-Ax|^2/|b|^2   2.68374616104605     
          10  6.311067322675744E-003  1.624214562891744E-006
          20  2.072729204580592E-003  1.398900134765069E-007
          30  1.234982567334239E-003  3.644144117452539E-008
          40  7.337871665197155E-004  1.509447764443217E-008
          50  4.146062668884868E-004  5.775068999408141E-009
          60  1.930197547919685E-004  1.539551665183638E-009
          70  9.191483590337610E-005  5.376571766322782E-010
          80  5.448300624163924E-005  1.328469038223052E-010
          90  2.643129574048272E-005  3.878650998888313E-011
         100  1.426245977742426E-005  1.011500421857477E-011
         103  9.321386940029518E-006
 real time:   399.863358000000     
