 precompute diagonal preconditioner
 |Mb|^2   1174.76939228718      |b|^2   55901.1146411689     
 initial ratio, |b-Ax|^2/|b|^2   2.23198227850508     
          10  2.150399140590629E-002  1.023957194053110E-004
          20  6.348118986918805E-003  6.262948139986994E-006
          30  1.938574272806492E-003  4.956289423380142E-007
          40  9.592406116274253E-004  5.585658501832442E-008
          50  6.330302699350862E-004  1.282398869458491E-008
          60  4.303536187740180E-004  7.429530733020864E-009
          70  2.162170499534105E-004  4.003724120559029E-009
          80  9.455410918845610E-005  6.916464711333766E-010
          90  4.113161534875032E-005  1.702657364071645E-010
         100  1.470537121115992E-005  3.508510857678583E-011
         105  9.451152835816416E-006
 real time:   345.621357000000     
