# pp n0_nofg n0_fg
0.000000000000000000e+00 0.000000000000000000e+00 0.000000000000000000e+00
0.000000000000000000e+00 0.000000000000000000e+00 0.000000000000000000e+00
8.785812921614255849e-09 7.344065048289068066e-08 8.603577903728230999e-08
2.668233180510150923e-09 1.395159092048744075e-08 2.091215126246591126e-08
1.106417096315540783e-09 4.435131832970275558e-09 5.710599946328772773e-09
5.479935916192740367e-10 1.509885198891079566e-09 1.992317014446396597e-09
3.046105334023540006e-10 7.668861531909475842e-10 8.844312877515014861e-10
1.837238646593994275e-10 4.107671321071229322e-10 4.746805034730746692e-10
1.177677881262012790e-10 2.441718812867384261e-10 2.950194671077419440e-10
7.914563951565930378e-11 1.436774709281999302e-10 1.788434816862954297e-10
5.523075666464753507e-11 9.105443893837474239e-11 1.136346525913871921e-10
3.975816763417000619e-11 6.659107452605771066e-11 8.183124724071897328e-11
2.935819367518864346e-11 4.527418841136569109e-11 5.365608350006137587e-11
2.216186668817231494e-11 3.246968376218708984e-11 3.935428974367207617e-11
1.704224967161647003e-11 2.387550393351498515e-11 2.964717176547578002e-11
1.332209818047271671e-11 1.816233179597524655e-11 2.210175422424927586e-11
1.056279000548454034e-11 1.417097809859490648e-11 1.765737088668093935e-11
8.480783654077482851e-12 1.136100919618759021e-11 1.406971568112938196e-11
6.886395592517976174e-12 9.073378048172233711e-12 1.116172476897681950e-11
5.648209384827289242e-12 7.351158666566328193e-12 9.052820953760570198e-12
4.674490402341384035e-12 5.872799585091475372e-12 7.282518047237737819e-12
3.900453216706031906e-12 4.908166951087857145e-12 5.914699218403589829e-12
3.279189788435502260e-12 4.068583530260463216e-12 4.973223006837814421e-12
2.775885963087436661e-12 3.428654158663602473e-12 4.394192532785080334e-12
2.364624430479477633e-12 2.834007461559925498e-12 3.484703199985304735e-12
2.025951757591437214e-12 2.393125351778600344e-12 2.974832328343036195e-12
1.745061504793716724e-12 2.073883645497911321e-12 2.544001757528042179e-12
1.510617866695268476e-12 1.779683257072329618e-12 2.183150397473508359e-12
1.313758487229275239e-12 1.544256662147135996e-12 1.829854862335440640e-12
1.147492761767800936e-12 1.312921116866674397e-12 1.703580004134691672e-12
1.006290375263277857e-12 1.161194414436705620e-12 1.446398548225836877e-12
8.858012763610349736e-13 9.977816378923188314e-13 1.259133722102630507e-12
7.825189561151359207e-13 8.876565906528262942e-13 1.136206901379905172e-12
6.936047951625725896e-13 7.991453977742669503e-13 9.971528800633143888e-13
6.167336166320566565e-13 7.161258595223399631e-13 8.685345870124960356e-13
5.500122164776869597e-13 6.155137614957555012e-13 7.684464583314221922e-13
4.918822574973712084e-13 5.539501872138635491e-13 6.905861958205922214e-13
4.410672534683257332e-13 4.885086030915059575e-13 6.184859576710788352e-13
3.965089166924848844e-13 4.489084965068833151e-13 5.372971450820932031e-13
3.573122729297385019e-13 3.972002158583378231e-13 4.961037693689601390e-13
3.227280948156772095e-13 3.656346908564159535e-13 4.532895957399768823e-13
2.921284803563260821e-13 3.336921519882257334e-13 4.103518327920354700e-13
2.649788956747983594e-13 3.027332031293043732e-13 3.641738756150581795e-13
2.408318228867819770e-13 2.736577639992716134e-13 3.380544292724627243e-13
2.192992582267108283e-13 2.467504725156447237e-13 3.112838593758243723e-13
2.000563034478793238e-13 2.284113293055892302e-13 2.878559902661407423e-13
1.828212007948808187e-13 2.076267969194633698e-13 2.597398209947766933e-13
1.673516636990007609e-13 1.879050297230549455e-13 2.336795052418593281e-13
1.534364123359498488e-13 1.751569732763970362e-13 2.129350961339721580e-13
1.408951312839116051e-13 1.586399341038837601e-13 1.983319474792285400e-13
1.295703448513083067e-13 1.499586727360201099e-13 1.834390320689088772e-13
1.193260465236064889e-13 1.374292267318374462e-13 1.706937348588474829e-13
1.100418731045276555e-13 1.255873674972336686e-13 1.536369981070456101e-13
1.016143088056629383e-13 1.170887173239057135e-13 1.446570847296564591e-13
9.395252852108971245e-14 1.080888937448431488e-13 1.348683877924136608e-13
8.697599141749260051e-14 1.014488144309776699e-13 1.256063229016888408e-13
8.061380700495602737e-14 9.534616050205530361e-14 1.151742296500668169e-13
7.480286371569992803e-14 8.749637867127148274e-14 1.075222430609358689e-13
6.948852626308288044e-14 8.174253162077324377e-14 9.945632182453598428e-14
6.462130440772454994e-14 7.598870480935522721e-14 9.314574132844104141e-14
6.015780790500744882e-14 7.230206815217307218e-14 8.883350674535437913e-14
5.605900051947598168e-14 6.569563717281179218e-14 8.033161996418015694e-14
5.229097881162999110e-14 6.192034834438070235e-14 7.613350522579644554e-14
4.882263922098208313e-14 5.926954213567543286e-14 7.217607830015224767e-14
4.562585318116852612e-14 5.439864224786524492e-14 6.706736353301098565e-14
4.267688065833070490e-14 5.188487616281848781e-14 6.476554675815551543e-14
3.995335506867566006e-14 4.890669769166403239e-14 5.947466828316801180e-14
3.743491042978662164e-14 4.583021346341779494e-14 5.481583958420867528e-14
3.510414341997150505e-14 4.320503056526732976e-14 5.254907376509015682e-14
3.294505069440999815e-14 4.082399645180393692e-14 5.030282038102347241e-14
3.094266984225487763e-14 3.831365294125872375e-14 4.626721965177173280e-14
2.908425259641689156e-14 3.579482913842721612e-14 4.419699512444911418e-14
2.735753838364581643e-14 3.439329996112973538e-14 4.203566852888619035e-14
2.575189249738611964e-14 3.287128751172311181e-14 3.986245939231828609e-14
2.425745032203519537e-14 3.059217722846035785e-14 3.733869126127913547e-14
2.286526361324648809e-14 2.910330762665862779e-14 3.534874086992796440e-14
2.156738849832282478e-14 2.744159917890857957e-14 3.342381992153281794e-14
2.035623201609272882e-14 2.610495981743355830e-14 3.209833771004164680e-14
1.922539753388834354e-14 2.508554883655293991e-14 3.036374159690179410e-14
1.816870342778438451e-14 2.391523156794657220e-14 2.863425121757999719e-14
1.718051000739308330e-14 2.222382252739253725e-14 2.706661023539106103e-14
1.625566625013564702e-14 2.171774601559007176e-14 2.607366268794508484e-14
1.538946232838941915e-14 2.038461963861264489e-14 2.458123780791638233e-14
1.457771650023377143e-14 1.919603308848868044e-14 2.348627016985726084e-14
1.381646068830367409e-14 1.828260923778375132e-14 2.256316779052454810e-14
1.310193837542597025e-14 1.757492864711571829e-14 2.192329997360878334e-14
1.243093743993635832e-14 1.691489212889932628e-14 2.035022404120450584e-14
1.180038767598169605e-14 1.600105714252149315e-14 1.936682713509967229e-14
1.120746538518912458e-14 1.552116982996424780e-14 1.880053717597388480e-14
1.064966912123213162e-14 1.446773155714333767e-14 1.770126254217145280e-14
1.012449741027278496e-14 1.416448435480825569e-14 1.694932538597835209e-14
9.629921537289050130e-15 1.327841126271752023e-14 1.604775957665802662e-14
9.163708984931545161e-15 1.276526340399087223e-14 1.518602119874177906e-14
8.724142771700781049e-15 1.220714479854563446e-14 1.486676752893746474e-14
8.309384119617257496e-15 1.146751482647335784e-14 1.404849711237546680e-14
7.917814875747993848e-15 1.122661354977882920e-14 1.338506653045625528e-14
7.547936878991579291e-15 1.060296141533306612e-14 1.291985803578413368e-14
7.198431523093778587e-15 1.026498202604801772e-14 1.271683058514494401e-14
6.867936546504940677e-15 9.653118337638146173e-15 1.196680120734397485e-14
6.555257936948692648e-15 9.515332353134337957e-15 1.142839531001602979e-14
6.259348499867768483e-15 9.164274326465468604e-15 1.079365357364425095e-14
5.979170680885798069e-15 8.922407471682913480e-15 1.055979771274321622e-14
5.713702887936918903e-15 8.355516832548151197e-15 1.009042137592074438e-14
5.462076017036182257e-15 8.166998520770730370e-15 9.913480468028797751e-15
5.223484234925802362e-15 7.805372931150028571e-15 9.417597559466614338e-15
4.997149222457265136e-15 7.367421213576965030e-15 9.128035301330721546e-15
4.782335635675221863e-15 7.219483715733585858e-15 8.571535861246750091e-15
4.578372422100540009e-15 6.899660472139325789e-15 8.353649804746343752e-15
4.384637358257816341e-15 6.557270554076492423e-15 7.917735805924551999e-15
4.200539846377348226e-15 6.494980198071442207e-15 7.762279600488408693e-15
4.025527970631626854e-15 6.193611485993028960e-15 7.418701418830240932e-15
3.859089727030439824e-15 6.060996368117860258e-15 7.207625192242375002e-15
3.700741859296494555e-15 5.758259438297346994e-15 6.831484337868349069e-15
3.550031993294093280e-15 5.594301301302713825e-15 6.812380638205149309e-15
3.406536428850513091e-15 5.376193123823023995e-15 6.333655855743229652e-15
3.269854575470258167e-15 5.268670288731364568e-15 6.214900483999226587e-15
3.139621321049728612e-15 5.015811446088820023e-15 5.963576362100638406e-15
3.015480458633435901e-15 4.747681887572675313e-15 5.625809204879506176e-15
2.897107693036791325e-15 4.603094525387000559e-15 5.584706239630132970e-15
2.784195170012845261e-15 4.520259787649237743e-15 5.332226255420106450e-15
2.676453646120584873e-15 4.385239389601026055e-15 5.260670909598142601e-15
2.573608347100848930e-15 4.226453593036358777e-15 5.027971446564359364e-15
2.475406639547327887e-15 4.015921511253074496e-15 4.870937330736948248e-15
2.381607920001789176e-15 3.908079807564198908e-15 4.646823585065485106e-15
2.291985697655729012e-15 3.819503960327981462e-15 4.589183044868760761e-15
2.206326668796651763e-15 3.703368088839215252e-15 4.347000469123247908e-15
2.124429858383020641e-15 3.546605193662226736e-15 4.235868185290678945e-15
2.046103445739681372e-15 3.460242470718861674e-15 4.187596294033427984e-15
1.971173608705563053e-15 3.358221125871698165e-15 4.005041182870357848e-15
1.899467113930212519e-15 3.256863483716062215e-15 3.868422371719638895e-15
1.830827251767272774e-15 3.171423415016839760e-15 3.773354791840101282e-15
1.765103807430687852e-15 2.994291161102531108e-15 3.625085081733954136e-15
1.702154885686128701e-15 2.987843518794485454e-15 3.550031428333908375e-15
1.641844417787930745e-15 2.842173898261492443e-15 3.388605580094777359e-15
1.584047732744641334e-15 2.798321234724288238e-15 3.334556555265454576e-15
1.528641208717336924e-15 2.656895696987495044e-15 3.188057115374402168e-15
1.475513547285130206e-15 2.542105795686375028e-15 3.080163407973623922e-15
1.424557532995378487e-15 2.491393043161844326e-15 2.981923696598238378e-15
1.375668234015174065e-15 2.494890416740155886e-15 2.957378770573956430e-15
1.328751444103552945e-15 2.393069746419328105e-15 2.880980947605531006e-15
1.283716181540260561e-15 2.303887495255017144e-15 2.778910854664438560e-15
1.240474636870069494e-15 2.211152603166374839e-15 2.627905077490279890e-15
1.198945162452390638e-15 2.176510008741760090e-15 2.578168943982268888e-15
1.159048825710429775e-15 2.116860743313281388e-15 2.512020715798701957e-15
1.120713694737259174e-15 2.065709834221821676e-15 2.458713073764098236e-15
1.083870000817187716e-15 1.986150746670612946e-15 2.380825241518859519e-15
1.048448766197231450e-15 1.928694290747835607e-15 2.289492227481287477e-15
1.014388609396856827e-15 1.892136727111800970e-15 2.248232325832108849e-15
9.816298357424502147e-16 1.844864457899242259e-15 2.215416177290568783e-15
9.501144468376571576e-16 1.786474759904831374e-15 2.134733784190796727e-15
9.197873676084419315e-16 1.732631561109025260e-15 2.053518248302992764e-15
8.905998604209980470e-16 1.700831651714534123e-15 2.036680968950973179e-15
8.625007743037451246e-16 1.642206340575131649e-15 1.961466903212742598e-15
8.354438206382356320e-16 1.608400299310964324e-15 1.925917943335045477e-15
8.093849310961049217e-16 1.566056083447670208e-15 1.868884616749531048e-15
7.842810641249646213e-16 1.504808342553150878e-15 1.815475822057435258e-15
7.600933714794850369e-16 1.477598824940697385e-15 1.793399667416193758e-15
7.367837576278393738e-16 1.453980404232513220e-15 1.740488156856674213e-15
7.143139212676535721e-16 1.388704365613304316e-15 1.665258306424189042e-15
6.926493926553702327e-16 1.385762131221699882e-15 1.638601864221474851e-15
6.717582438143019402e-16 1.319051410867135381e-15 1.587144080305968819e-15
6.516090427560726577e-16 1.294999785599833837e-15 1.553387861295741877e-15
6.321699944492557496e-16 1.272616748372050777e-15 1.542386504676976291e-15
6.134134820586275967e-16 1.226989831777609181e-15 1.476087456327820295e-15
5.953113762768471580e-16 1.189154627647489538e-15 1.424323748249945169e-15
5.778376947619039890e-16 1.152162154011068761e-15 1.394545640465300283e-15
5.609676171459805813e-16 1.144790723587131263e-15 1.356670731656155372e-15
5.446774270750823191e-16 1.098888066499449797e-15 1.322334330412136970e-15
5.289436779935283437e-16 1.076481602687290369e-15 1.294174886694651302e-15
5.137447549741705972e-16 1.060521924471867063e-15 1.259207175641113293e-15
4.990599884493084786e-16 1.036671601858869124e-15 1.236661743951063827e-15
4.848688817791565872e-16 1.011424761380627187e-15 1.222568485285731475e-15
4.711539896241176843e-16 9.803336331562644641e-16 1.177548077079352076e-15
4.578950813284120874e-16 9.804615729317045975e-16 1.176233117942096994e-15
4.450756040302309337e-16 9.374922077871926732e-16 1.113389102310817840e-15
4.326783518461633503e-16 9.185114989216458150e-16 1.084081981343291376e-15
4.206888215097407397e-16 8.907663703521792002e-16 1.066485268580028050e-15
4.090898942351828617e-16 8.832719896969036558e-16 1.049150491539147902e-15
3.978677344530065186e-16 8.563925129908579890e-16 1.022833394746915354e-15
3.870084485309551038e-16 8.348845738988332379e-16 1.001208311397679555e-15
3.764975351581567057e-16 8.137960847784492483e-16 9.790783334597497039e-16
3.663240411083452497e-16 8.112435871134500600e-16 9.634014353814820637e-16
3.564734172882394883e-16 7.756011674358207496e-16 9.329323613134403167e-16
3.469356921704578037e-16 7.682804554502085878e-16 9.267156467066918854e-16
3.376979693614264803e-16 7.377664076443472589e-16 8.940087515314700421e-16
3.287506009839638163e-16 7.271888245002558314e-16 8.738916318837035898e-16
3.200822013472974775e-16 7.073927706155532300e-16 8.512246204351098515e-16
3.116834121081662261e-16 6.989934606398823665e-16 8.266812916419466441e-16
3.035437314601679937e-16 6.815338226050450681e-16 8.158784241290052090e-16
2.956550666082871208e-16 6.666598274247592370e-16 7.866646423790579593e-16
2.880081690305600123e-16 6.544482015659245368e-16 7.938380863909018452e-16
2.805937068259029371e-16 6.385237158077212794e-16 7.691152538349741529e-16
2.734045831587382778e-16 6.190729709647092198e-16 7.448342487861859768e-16
2.664325920290184350e-16 6.251987229470318120e-16 7.494847662026302164e-16
2.596698639778447349e-16 6.021413086278246936e-16 7.269878629814291849e-16
2.531097111078754545e-16 5.910018574003731784e-16 7.095769508314479969e-16
2.467444185107290558e-16 5.717839421439930633e-16 6.951483674331350288e-16
2.405678397404890460e-16 5.624483606630532674e-16 6.790212231835235337e-16
2.345736387472460561e-16 5.505902852352627638e-16 6.733007503135449727e-16
2.287553217408360571e-16 5.358248680217495547e-16 6.626687953177413378e-16
2.231074328333513285e-16 5.295148626126528989e-16 6.381898166506337157e-16
2.176231790846861397e-16 5.242573703588777177e-16 6.260763721190431648e-16
2.122983094463771475e-16 5.077503752988165160e-16 6.206720370729794491e-16
2.071268517184916235e-16 5.006394275095268665e-16 6.061280997257225268e-16
2.021038023931039003e-16 4.871381545140408765e-16 5.940589680408471997e-16
1.972239889013022394e-16 4.800102854041698595e-16 5.878464709699345796e-16
1.924834781940854935e-16 4.689412417782518866e-16 5.670087386965154751e-16
1.878770962617302021e-16 4.670725183629411122e-16 5.637075788177993263e-16
1.834008809580627652e-16 4.508940317472785679e-16 5.481025590764022484e-16
1.790503469725586818e-16 4.426610119706342423e-16 5.502167713611197207e-16
1.748215027343611328e-16 4.345646717474401089e-16 5.341844782715797407e-16
1.707101849498078456e-16 4.320451549899591558e-16 5.224865234934746321e-16
1.667133148634193799e-16 4.137610839029176241e-16 5.119706093517251554e-16
1.628266886469052768e-16 4.113780803913318973e-16 4.998720614151875711e-16
1.590468677743028253e-16 4.068135893468157673e-16 4.971676484968571783e-16
1.553705340803303527e-16 3.988685478136818872e-16 4.842971492365959528e-16
1.517944850695160780e-16 3.883928950742562241e-16 4.706065050351788648e-16
1.483153486593062753e-16 3.799881735792496482e-16 4.711640088712468524e-16
1.449307070596473815e-16 3.779080101605315917e-16 4.665241635204149269e-16
1.416368512749252633e-16 3.757815951669191447e-16 4.581487734990310852e-16
1.384315593358745979e-16 3.672267512762111329e-16 4.487041666252493129e-16
1.353118817925318451e-16 3.573757374691783953e-16 4.394026859534160679e-16
1.322749793098812268e-16 3.557952560909369460e-16 4.385658622438815658e-16
1.293186217909412506e-16 3.421196697090124696e-16 4.202390811010075635e-16
1.264401500951237689e-16 3.403002018842954842e-16 4.181797388359454301e-16
1.236374894600954680e-16 3.331962743782759924e-16 4.092989219981677735e-16
1.209081479632068860e-16 3.304866301996314948e-16 4.109538359142864382e-16
1.182497254025433189e-16 3.251872951356439016e-16 3.999858578147465513e-16
1.156603705765997569e-16 3.158633214560741467e-16 3.878877551736367535e-16
1.131378318798726669e-16 3.136973057545171470e-16 3.903960708443315440e-16
1.106803850489035687e-16 3.125366622519779955e-16 3.842933504499506478e-16
1.082859166153442400e-16 3.070783396509904380e-16 3.790156373467137162e-16
1.059526048838552450e-16 2.990695100774579917e-16 3.674282329829864095e-16
1.036786872287487653e-16 2.964062959666849394e-16 3.687362777356673953e-16
1.014620423942685198e-16 2.921873648926572828e-16 3.620318304182600214e-16
9.930165345769822088e-17 2.829440181304247350e-16 3.476517525578603529e-16
9.719530927576488564e-17 2.780238031267788666e-16 3.422307866009112132e-16
9.514187793983130674e-17 2.745558995188879009e-16 3.472926359087910715e-16
9.313947283694835705e-17 2.722960980774909699e-16 3.409423325433847351e-16
9.118685354768127076e-17 2.630699675473086383e-16 3.293321469969006808e-16
8.928243643269404576e-17 2.591095153200800385e-16 3.288158169857430552e-16
8.742506350224954195e-17 2.591135030846783059e-16 3.247143752092730205e-16
8.561324319996666727e-17 2.570166514312563679e-16 3.200384705849763522e-16
8.384553667898156112e-17 2.556523743838305970e-16 3.207860826718929860e-16
8.212090742238653987e-17 2.470903071135890892e-16 3.126095195987325916e-16
8.043817191695914457e-17 2.455410146266376131e-16 3.083748816280545663e-16
7.879601289430400963e-17 2.365499495409885887e-16 2.973022693682965113e-16
7.719332665064439198e-17 2.374176085905761483e-16 2.948450699200024034e-16
7.562904313430772841e-17 2.347411304659108529e-16 2.936897822022264410e-16
7.410212480380306798e-17 2.297762999324541144e-16 2.850148314604225708e-16
7.261140595825260458e-17 2.291791467850847607e-16 2.867583385901057366e-16
7.115607543618362602e-17 2.285188160538075613e-16 2.840080705085667991e-16
6.973503207078287167e-17 2.226951145347855926e-16 2.790977032083241812e-16
6.834751705128982276e-17 2.174811943601370892e-16 2.724591589972603131e-16
6.699233986893745622e-17 2.141635378752700736e-16 2.684733434202855184e-16
6.566879749477103275e-17 2.114801052720288646e-16 2.659230585737278786e-16
6.437620284426203354e-17 2.084639306819812193e-16 2.630833299855261470e-16
6.311345565309023789e-17 2.065437150803437539e-16 2.621206337920182242e-16
6.187977865938075930e-17 2.036338220799073052e-16 2.619324698266862211e-16
6.067469441096588262e-17 2.061040622923447366e-16 2.567606014126781517e-16
5.949718471452330005e-17 2.004183900235859103e-16 2.513127295984994178e-16
5.834653844069679331e-17 1.962409632147884282e-16 2.475816319360166889e-16
5.722206501112618678e-17 1.963919249529421009e-16 2.468554126800473643e-16
5.612322407236533339e-17 1.901071858450115667e-16 2.412592354595453878e-16
5.504910155918170339e-17 1.928524862152230561e-16 2.411815491348490699e-16
5.399932345682516404e-17 1.879021176707386579e-16 2.396501286096078403e-16
5.297302022023280650e-17 1.860110660627447535e-16 2.358028634143071767e-16
5.196972294145740084e-17 1.847101343686580003e-16 2.353874443352252698e-16
5.098885125745241926e-17 1.812568082297172607e-16 2.331157042480846200e-16
5.002972208207635465e-17 1.770045908744109512e-16 2.265033798587725645e-16
4.909190992438502719e-17 1.822427621696553991e-16 2.302243010155353400e-16
4.817476632091939069e-17 1.747678769669836622e-16 2.234891222131616641e-16
4.727789236086511850e-17 1.766949587004082959e-16 2.212347656949600825e-16
4.640055987558979791e-17 1.723028072133438196e-16 2.162664294579803908e-16
4.554251037004009434e-17 1.739321841194314746e-16 2.195651320980600353e-16
4.470304950045499383e-17 1.697560096265184389e-16 2.152789038549670348e-16
4.388183111962934696e-17 1.673405874841840205e-16 2.121297027932691852e-16
4.307840936443593081e-17 1.644908107603108346e-16 2.112317024085887428e-16
4.229235056531026147e-17 1.655670263175788683e-16 2.088764176185599596e-16
4.152312991857174798e-17 1.617749127104033209e-16 2.037449235111464364e-16
4.077034142293545093e-17 1.595053058804096034e-16 2.018146190951539863e-16
4.003369010232935577e-17 1.597893698684841610e-16 2.028021048775664728e-16
3.931268867203322910e-17 1.573591192640543241e-16 2.017975539504713158e-16
3.860696311751849098e-17 1.531993013715189512e-16 1.992176476912123798e-16
3.791624533741273243e-17 1.519628642550410383e-16 1.946624495217261262e-16
3.723998787832674909e-17 1.512253556451935495e-16 1.954983590109954403e-16
3.657794312635314455e-17 1.501264806300775807e-16 1.929127554418197528e-16
3.592968337404595226e-17 1.481675835073505673e-16 1.916545761693148704e-16
3.529497625648276051e-17 1.471071883376669669e-16 1.878164223863054381e-16
3.467350345084519287e-17 1.456462771321364744e-16 1.881043960641233298e-16
3.406486676892208772e-17 1.438631623279473729e-16 1.865803597845145834e-16
3.346876797885862831e-17 1.456945885836211926e-16 1.850498033841427848e-16
3.288500244430217671e-17 1.437669947834026741e-16 1.860830397344238659e-16
3.231311438455369257e-17 1.429277125139137363e-16 1.809125058340229039e-16
3.175299872554416629e-17 1.400708940679093553e-16 1.831217885548843556e-16
3.120421876261929585e-17 1.390905256831180325e-16 1.766930633698313225e-16
3.066667884961039816e-17 1.391765625602205353e-16 1.802017136667300729e-16
3.013996038718745469e-17 1.364292379918395833e-16 1.759162378990321681e-16
2.962381823722282628e-17 1.365872600162319886e-16 1.755347631574705452e-16
2.911809157187922096e-17 1.355451727253098272e-16 1.757806799782596290e-16
2.862246735960078838e-17 1.330452949815563793e-16 1.726916578345215196e-16
2.813679469146598952e-17 1.300154712573911755e-16 1.715922109697874506e-16
2.766077428904052498e-17 1.311113928667887125e-16 1.690457356431414435e-16
2.719419051102707879e-17 1.289648936408549166e-16 1.686763584758780352e-16
2.673683310857535622e-17 1.311291717429385699e-16 1.685465747011235518e-16
2.628849707528062015e-17 1.269535499720452828e-16 1.654672250925099022e-16
2.584905369855455439e-17 1.277549858008969455e-16 1.661335241027377548e-16
2.541816470998874141e-17 1.244656996267646762e-16 1.645759561714996550e-16
2.499571210906624526e-17 1.243349574761399017e-16 1.633018385243517864e-16
2.458144197252741547e-17 1.246918695168560193e-16 1.636984451603440761e-16
2.417531124207132450e-17 1.241316335990405787e-16 1.655207110561725326e-16
2.377700736058492739e-17 1.225287831278241105e-16 1.596582051561473423e-16
2.338642662151775855e-17 1.201363349080800389e-16 1.596077232033910161e-16
2.300340103913668982e-17 1.201792068025151284e-16 1.589844136401141321e-16
2.262763826237917191e-17 1.195791258134581033e-16 1.587346634541466081e-16
2.225917346591927295e-17 1.191865876326559524e-16 1.584742066688236306e-16
2.189772288435139792e-17 1.186921354332144756e-16 1.571861499508116622e-16
2.154313653477685181e-17 1.168829169141562997e-16 1.563344197978476987e-16
2.119526802300542445e-17 1.163395323391733678e-16 1.555457373417127781e-16
2.085403474543735305e-17 1.149840348249337052e-16 1.537889512397486261e-16
2.051923540611687306e-17 1.144887652157949843e-16 1.511000279070075578e-16
2.019073384982476549e-17 1.149867236205271134e-16 1.512119372726083710e-16
1.986839714362296045e-17 1.122323161792417194e-16 1.490221856870888059e-16
1.955209549206192770e-17 1.129914968996341930e-16 1.491777557038276656e-16
1.924170215485103261e-17 1.131895739259189392e-16 1.504259379566270100e-16
1.893703739399574931e-17 1.115731170235080574e-16 1.473105067863812926e-16
1.863809297042258922e-17 1.108972398551305674e-16 1.481817664232352613e-16
1.834463955481723421e-17 1.112450332690784088e-16 1.459344540457576091e-16
1.805661779316289275e-17 1.100203678911604826e-16 1.457899503182552654e-16
1.777391503706786928e-17 1.087698690179310616e-16 1.446213926903753506e-16
1.749636858572075940e-17 1.091186461536047308e-16 1.447840170555376708e-16
1.722392486938032639e-17 1.084036469244986976e-16 1.447166547251763159e-16
1.695647883993121694e-17 1.084016466769040555e-16 1.439587239948806766e-16
1.669382627880456994e-17 1.066126817149679850e-16 1.425895670161104229e-16
1.643597090822344593e-17 1.058794798592770153e-16 1.429292947189975062e-16
1.618281468594255471e-17 1.063408901281463676e-16 1.408456333842016319e-16
1.593416379528466802e-17 1.053569401424223864e-16 1.401529154557547119e-16
1.569002493218841710e-17 1.061006151626222839e-16 1.408926045700809702e-16
1.545025868540893175e-17 1.061515830512675700e-16 1.414914698906482879e-16
1.521477725685297263e-17 1.047298453321926119e-16 1.381895984020660262e-16
1.498349481900512650e-17 1.049403615301867233e-16 1.391772630010979566e-16
1.475632746575912289e-17 1.028998246375770734e-16 1.374906194615437641e-16
1.453319316460332607e-17 1.049269008673780944e-16 1.379084456377942544e-16
1.431401171011950470e-17 1.028304272667372037e-16 1.406120139188244314e-16
1.409866006951859359e-17 1.018245553297182221e-16 1.350186434887709749e-16
1.388710719480555697e-17 1.005102996737498099e-16 1.360151352858326337e-16
1.367927807321823204e-17 1.011183778641450353e-16 1.350827761235777046e-16
1.347509934595262091e-17 1.031178568338280833e-16 1.379626177296739924e-16
1.327441407531268941e-17 1.003868725903165237e-16 1.371576819879245930e-16
1.307728133473040124e-17 9.970144596255142084e-17 1.344764679555380471e-16
1.288354774714492156e-17 1.002196286652562078e-16 1.357333829041688627e-16
1.269314757037162646e-17 9.840631374470544045e-17 1.303853903145835802e-16
1.250605718009831538e-17 9.883512579659144367e-17 1.325018843050531722e-16
1.232217203242816321e-17 9.980463649899682584e-17 1.348055753540318487e-16
1.214143057016065923e-17 9.891886917741121800e-17 1.323012931758293788e-16
1.196381189712582317e-17 9.910941491708814671e-17 1.339852779441145357e-16
1.178917795112320943e-17 9.803066965107204535e-17 1.317989643815980139e-16
1.161754929786452315e-17 9.663843603779365699e-17 1.317218375418456080e-16
1.144883016124362151e-17 9.628201556105207842e-17 1.312198811298061075e-16
1.128296530437818169e-17 9.778722597213644325e-17 1.320253418664419914e-16
1.111993786374663365e-17 9.732424913634092657e-17 1.344167500186388519e-16
1.095962010561647675e-17 9.669304439822824945e-17 1.312706810297320263e-16
1.080199784355593197e-17 9.389399583602994698e-17 1.274559829831818038e-16
1.064705635357357376e-17 9.559548936895055994e-17 1.330886441447996216e-16
1.049467361838681655e-17 9.450098248305401333e-17 1.293464827224953969e-16
1.034483741889528442e-17 9.349907455737247288e-17 1.304282410419768640e-16
1.019753498971522721e-17 9.552912690223164425e-17 1.297029265107205585e-16
1.005264970711714981e-17 9.547349877980029297e-17 1.300722507576004189e-16
9.910171150941278994e-18 9.462804862673079798e-17 1.291006732928395939e-16
9.770020933896986148e-18 9.423453315265967178e-17 1.289051347239250080e-16
9.632223078506802311e-18 9.324342001602455119e-17 1.278694563036723895e-16
9.496667672705850469e-18 9.329347420971113213e-17 1.272486553666685071e-16
9.363346442688288919e-18 9.324632951656242739e-17 1.276070329686159268e-16
9.232218270937668833e-18 9.383492173391252495e-17 1.291670902601361949e-16
9.103242883781250513e-18 9.067297376942525278e-17 1.238831278765126430e-16
8.976349228192692142e-18 9.234205675337915681e-17 1.269964710864449135e-16
8.851499664282018874e-18 9.145162617833051017e-17 1.246969596604207372e-16
8.728719192325473894e-18 9.124872683662979191e-17 1.257807091127810970e-16
8.607877881976192103e-18 9.386040458493199628e-17 1.287479485353233338e-16
8.489032192960722094e-18 9.137993286978811935e-17 1.256114427715693312e-16
8.372055612441247162e-18 9.232296916043038565e-17 1.289202619640860715e-16
8.257004101954741910e-18 9.120035480084720120e-17 1.270457635879726905e-16
8.143754450466347955e-18 9.073144985795982042e-17 1.290637466409591311e-16
8.032333059961584800e-18 8.799603824551896288e-17 1.217004952346551270e-16
7.922707054974509967e-18 9.132612685276258220e-17 1.244401131490164373e-16
7.814815767998781979e-18 8.862514542893680284e-17 1.232240575937194047e-16
7.708628504973245599e-18 9.043951315595416013e-17 1.234306851907266392e-16
7.604115178416966604e-18 8.903151398913878327e-17 1.235297048216910692e-16
7.501273875563349672e-18 8.895402933167112215e-17 1.245392986737456494e-16
7.400020237367616381e-18 9.216375071897123640e-17 1.252456642714272772e-16
7.300380805383682214e-18 9.051116894662601091e-17 1.248034932413079891e-16
7.202326963293667011e-18 9.037311865602412967e-17 1.236286268612479850e-16
7.105777710455141654e-18 9.027842732968014496e-17 1.267620579745262980e-16
7.010733360971203951e-18 8.777161001356247917e-17 1.223420366657761513e-16
6.917193669202454856e-18 8.731731311904724083e-17 1.223869102044085699e-16
6.825080812340986960e-18 9.080314049954675294e-17 1.248517548119034407e-16
6.734395815186416496e-18 8.748402660811041739e-17 1.225901935094798853e-16
6.645139150226193016e-18 8.796823313666232265e-17 1.233382520444298863e-16
6.557236013322833980e-18 8.762098720696616750e-17 1.207756758245115283e-16
6.470688074098429224e-18 8.997602979500573951e-17 1.229142511113176693e-16
6.385472036353343096e-18 8.774514275940498496e-17 1.193694640438583076e-16
6.301565050270244180e-18 8.677640958591197920e-17 1.216052306431098934e-16
6.218944702918912452e-18 8.590262316948180465e-17 1.186969101904583617e-16
6.137589008983826445e-18 8.720329999464043161e-17 1.199708259482343796e-16
6.057452932032948647e-18 8.534826484708568678e-17 1.195573331670156697e-16
5.978539246019075752e-18 8.573765150226984637e-17 1.208700315028263940e-16
5.900827186499214331e-18 8.748849167398732607e-17 1.220556774191837094e-16
5.824296381837011172e-18 8.472707325796803514e-17 1.189275006994628470e-16
5.748904281122419437e-18 8.602978727528124026e-17 1.185697841847629498e-16
5.674654276820577370e-18 8.320318619419544391e-17 1.175688986508710548e-16
5.601527119009851600e-18 8.572362375142082864e-17 1.194532438223612555e-16
5.529482005879062212e-18 8.495461371440712595e-17 1.196493000980004215e-16
5.458522738644327957e-18 8.624525518140899306e-17 1.181338616084856639e-16
5.388631120688531942e-18 8.511716408740450737e-17 1.179971107267990456e-16
5.319768009165080193e-18 8.494158798455327839e-17 1.181207469937321186e-16
5.251937572710447420e-18 8.474146327291280543e-17 1.183711645732671980e-16
5.185101724640197824e-18 8.560472939416166517e-17 1.202175195046602717e-16
5.119264854825661379e-18 8.497135217651289945e-17 1.171434301882335421e-16
5.054410380077755886e-18 8.627300288621140592e-17 1.202906112376948710e-16
4.990501734548049177e-18 8.327706601287640405e-17 1.178228892781148222e-16
4.927523517704876242e-18 8.312849098172875121e-17 1.184771594247443588e-16
4.865480515308762147e-18 8.494686755051484544e-17 1.178459630761592243e-16
4.804337599234643667e-18 8.324287405575930479e-17 1.162386847547355829e-16
4.744099731608691544e-18 8.184310613835070168e-17 1.166527715080623125e-16
4.684732705141275171e-18 8.163350017331857660e-17 1.166546991123147659e-16
4.626241644970254155e-18 8.358517051000033817e-17 1.170507442268812705e-16
4.568593234105520034e-18 8.160566773110817892e-17 1.149158895735183035e-16
4.511773936003424603e-18 8.261936910329028625e-17 1.143814098533247888e-16
4.455789093772531926e-18 8.017437527941699072e-17 1.146790497461452709e-16
4.400606668190571698e-18 8.039241198926220812e-17 1.116452729961398304e-16
4.346213842071099233e-18 8.031600892215049762e-17 1.120723590403056046e-16
4.292598026522840227e-18 8.129340145458334942e-17 1.146328582185284870e-16
4.239764813549320496e-18 8.211824250270499135e-17 1.129472671875721219e-16
4.187683770040030908e-18 8.200969494018492371e-17 1.120601261012934011e-16
4.136360599730517964e-18 8.184029589924058934e-17 1.142765883459884156e-16
4.085748169408441977e-18 8.107104645422633894e-17 1.125026088817961526e-16
4.035870071181804756e-18 8.268270012492456909e-17 1.148682512653364176e-16
3.986680226337533737e-18 8.013314472838383391e-17 1.111306921079210351e-16
3.938201989863665220e-18 8.027440901039291775e-17 1.126476319428201457e-16
3.890407147215436574e-18 7.909411649186502989e-17 1.102918064667376194e-16
3.843301670285243171e-18 8.104837967982503810e-17 1.180447144927416123e-16
3.796841504202354730e-18 7.903735926446455666e-17 1.109348255911849388e-16
3.751033143836192395e-18 7.770480658916431980e-17 1.105193609033198634e-16
3.705882664629640011e-18 7.701843547296305007e-17 1.068446117327601545e-16
3.661347450542460149e-18 7.745926257928285315e-17 1.071477675750234536e-16
3.617434073839426905e-18 7.842544933692622528e-17 1.110302126954185590e-16
3.574148697117095867e-18 7.747393892390284380e-17 1.100821187797559508e-16
3.531450082639983549e-18 7.799843644437045421e-17 1.103794420861084304e-16
3.489344865189292681e-18 7.629743772732813774e-17 1.061441988047602770e-16
3.447839279479038657e-18 7.513426373404894561e-17 1.081972942752437013e-16
3.406893408645132069e-18 7.730574852776850954e-17 1.070172388212095526e-16
3.366513936367953201e-18 7.621988686063558708e-17 1.059430938373200854e-16
3.326692168977730879e-18 7.652497454185483039e-17 1.088494435410012603e-16
3.287419561147652547e-18 7.569275906743279607e-17 1.069750753704083947e-16
3.248687713087778937e-18 7.624308120933992208e-17 1.064741723384277854e-16
3.210473772014740596e-18 7.592567097465012110e-17 1.052776915329015970e-16
3.172798940065703282e-18 7.420376785503267055e-17 1.034530107526037710e-16
3.135626170934103878e-18 7.516910760212573278e-17 1.045590645813729650e-16
3.098962211738228275e-18 7.543627094507483226e-17 1.056694527019541596e-16
3.062799346242815358e-18 7.335686389046052545e-17 1.024266045753038163e-16
3.027116016044472995e-18 7.623907127608977674e-17 1.058179760012448485e-16
2.991932827341892258e-18 7.476933687604903827e-17 1.062564604347878704e-16
2.957214620399890071e-18 7.399793751948131055e-17 1.070357220714531655e-16
2.922968152716027523e-18 7.457498470174781324e-17 1.022339219338460486e-16
2.889186330281376090e-18 7.445813543976341347e-17 1.040034961883865494e-16
2.855848796051039877e-18 7.298633925508232974e-17 1.030284965150883693e-16
2.822962300750863149e-18 7.316616036521011025e-17 1.011604513079345672e-16
2.790520095340844003e-18 7.202413573374058542e-17 1.009163018624896361e-16
2.758515542794556773e-18 7.335045878494328648e-17 1.034527703718736445e-16
2.726929184851712677e-18 7.219213588459707039e-17 1.001583563921864808e-16
2.695767752741008809e-18 7.330006372710700139e-17 1.019984284487104706e-16
2.665012216642045823e-18 7.411913909908160428e-17 1.009354911176245106e-16
2.634669291739330685e-18 7.245689682475974368e-17 1.013561017395884225e-16
2.604732864273662240e-18 7.268916604567332188e-17 1.023223847955408919e-16
2.575196920870280013e-18 7.030406898606995199e-17 9.748965486064537473e-17
2.546043255954932483e-18 6.924016568105263414e-17 9.585100807964540163e-17
2.517266360040165177e-18 7.000346198670787756e-17 9.456223560329537379e-17
2.488884984481784717e-18 7.045545031124334043e-17 9.907985082740441693e-17
2.460857234823496981e-18 6.999304640186973704e-17 9.734845744082061715e-17
2.433213825126361067e-18 7.277640328158503468e-17 1.003921372947637963e-16
2.405925427894763218e-18 6.908511165729338150e-17 9.794488982541523531e-17
2.378986970176727912e-18 6.955273949737460278e-17 9.705328453757036054e-17
2.352405052727014320e-18 7.238454008739033235e-17 1.013175218572954370e-16
2.326174475973602668e-18 6.993647271086456863e-17 9.660274081900765028e-17
2.300278721588624428e-18 7.062722905938316799e-17 9.660786098962892364e-17
2.274713037253023452e-18 7.048236413507447042e-17 9.847911233838968956e-17
2.249483962112573770e-18 7.001705259812954127e-17 9.797360644170028393e-17
2.224575493076813129e-18 6.822304773532961608e-17 9.754886574706390862e-17
2.199994135944321686e-18 6.829628265489127261e-17 9.607229827254084642e-17
2.175735164356870584e-18 6.723787798270810139e-17 9.156590632466448849e-17
2.151772217687389161e-18 6.940666447120004598e-17 9.549163302521326302e-17
2.128133548030278931e-18 6.882021797330148068e-17 9.391293355119143083e-17
2.104782345735538885e-18 6.646740883157628761e-17 9.390114609586576005e-17
2.081735880281682103e-18 6.774739553640048466e-17 9.445425952259547722e-17
2.058979273941327682e-18 6.792639775069323777e-17 9.359644195450977832e-17
2.036518903106747104e-18 6.732050842148315013e-17 9.397937626518795337e-17
2.014340192977788561e-18 6.914422901686995878e-17 9.699471161876465508e-17
1.992439223841744461e-18 6.666394688236505128e-17 9.258178149749161691e-17
1.970822311353466489e-18 6.529484311768078841e-17 9.283095131988476658e-17
1.949475319030183374e-18 6.661262109617886140e-17 9.049470061827398349e-17
1.928394508586673982e-18 6.635524450288740674e-17 9.002381072138444107e-17
1.907586132710464959e-18 6.647070626725976572e-17 9.498322853090807335e-17
1.887036476270087475e-18 6.412774454524437333e-17 8.832754572094080299e-17
1.866741973170451345e-18 6.581406512524861567e-17 9.003956550711660422e-17
1.846708811178844410e-18 6.567772186073271617e-17 9.290541872392038322e-17
1.826914057662637957e-18 6.637861348146692493e-17 9.253039803784771865e-17
1.807373631125353243e-18 6.487433042997016865e-17 9.032594179779196106e-17
1.788083953522087951e-18 6.697389228266479829e-17 9.279753208720686208e-17
1.769022707070597885e-18 6.538569068648961251e-17 8.888441976022728795e-17
1.750205513141899356e-18 6.391448039144200758e-17 8.970772225610472899e-17
1.731610450547824184e-18 6.343520621454994843e-17 8.518680190353948995e-17
1.713252944140833827e-18 6.274427851562340127e-17 8.703331400446853323e-17
1.695129675482124142e-18 6.393642676727727121e-17 8.785941123713698872e-17
1.677219303381127054e-18 6.361295446474962746e-17 8.572408758255822004e-17
1.659527997736460810e-18 6.502030415527075877e-17 8.759844938095126938e-17
1.642061692125141401e-18 6.526757853453359229e-17 8.838414972871643981e-17
1.624808432316627872e-18 6.479659040702076923e-17 9.226296203501508866e-17
1.607765344719154283e-18 6.407116263278329762e-17 8.831655819834535520e-17
1.590929598764771530e-18 6.513566295296143098e-17 8.944523635000765520e-17
1.574298406195714228e-18 6.423805143530252971e-17 8.977678526162659532e-17
1.557869020363805364e-18 6.169694600414572226e-17 8.638953369948776426e-17
1.541647230543281751e-18 6.307921004111405059e-17 8.514665095258576885e-17
1.525613316405869652e-18 6.412153355131887497e-17 8.756109789055528336e-17
1.509781578444506976e-18 6.343398673110263668e-17 8.635490576764996870e-17
1.494132634221218402e-18 6.198873587321920402e-17 8.432507813727948804e-17
1.478680604494776512e-18 6.401899094657854381e-17 8.481971435925002756e-17
1.463414614119645243e-18 6.294554035387099085e-17 8.549857185967144130e-17
1.448324075854374863e-18 6.457627542337748050e-17 8.864687229264018701e-17
1.433422845247790695e-18 6.200569380891992941e-17 8.766026743550551035e-17
1.418700345477935664e-18 6.350759677404771656e-17 8.537725737363350035e-17
1.404146278804673031e-18 6.277734951188182836e-17 8.320068120337005142e-17
1.389774240779911382e-18 6.294120501440885077e-17 8.641077282746787574e-17
1.375573942344573291e-18 6.190884838925648604e-17 8.249648835218752871e-17
1.361535365029035339e-18 6.253493641688869020e-17 8.339452699206282533e-17
1.347671849530196461e-18 6.479632984199585234e-17 8.571750031527894443e-17
1.333965743577581339e-18 6.279171526612257651e-17 8.124746241223106669e-17
1.320430220787078973e-18 6.162151483665059879e-17 8.139327480038118034e-17
1.307047921686339888e-18 6.240203466435979262e-17 8.528026479773863157e-17
1.293824383024477098e-18 6.311047749221003977e-17 8.646472526831161471e-17
1.280764947913885343e-18 6.270686816040147341e-17 8.489651503285067801e-17
1.267852684394404931e-18 6.086544594236163642e-17 8.458907677045256349e-17
1.255093050287287823e-18 6.087480224452249180e-17 8.197408727860683525e-17
1.242484060422064411e-18 6.171588063633064062e-17 8.137236707831130596e-17
1.230016557362456213e-18 6.230678141191285867e-17 8.187410607495864290e-17
1.217703067015355492e-18 6.253681450597489236e-17 8.252504498679385136e-17
1.205527338674120869e-18 6.166759883025317432e-17 8.075721714568123891e-17
1.193494698117701702e-18 6.083322159489014185e-17 7.941254353280935188e-17
1.181610289797058666e-18 5.989973238113566737e-17 7.891270562815909490e-17
1.169851313803194763e-18 6.167061086266655932e-17 8.205930394860679999e-17
1.158236952322314210e-18 6.134915625169122413e-17 7.926129364862944481e-17
1.146758442355142958e-18 6.279788612574627556e-17 8.096556022997490438e-17
1.135407246737536561e-18 6.010777773691881540e-17 8.046928828961681554e-17
1.124188535176834050e-18 6.194744537600954454e-17 8.338931685813543318e-17
1.113100610340299045e-18 6.334639822856292090e-17 8.249355443565738743e-17
1.102135152695606849e-18 6.293941413157538505e-17 7.934652671182881225e-17
1.091297254236910019e-18 6.241863666395835732e-17 8.424087098098108141e-17
1.080585287274598877e-18 6.163063952416701349e-17 8.182448033808309025e-17
1.069997647045944517e-18 6.196752343426493208e-17 8.085574175956454056e-17
1.059532751358497849e-18 6.141698990957874869e-17 7.785533754967827967e-17
1.049182628436173312e-18 6.372816277433145827e-17 8.197572964848790218e-17
1.038952243255916635e-18 6.388753487348161426e-17 8.026046004055450107e-17
1.028840078041086822e-18 6.003150952848603906e-17 7.823806394013781902e-17
1.018838360127471374e-18 6.173390203265703873e-17 8.047952250992522890e-17
1.008951978826470943e-18 6.065566109273425611e-17 7.970096741033061646e-17
9.991794778699883822e-19 6.334444725160459758e-17 8.261173027715142326e-17
9.895194212616399820e-19 6.413710932789822048e-17 8.164745003460275112e-17
9.799642922482534263e-19 6.443932187320487720e-17 8.158332506976535888e-17
9.705188809394315814e-19 6.017046762700511595e-17 7.752188496200066266e-17
9.611818091779823681e-19 6.105993117814166199e-17 7.974205597124869190e-17
9.519457446995780215e-19 6.073398775738997960e-17 7.977776765204558759e-17
9.428154039232227337e-19 6.287638704606556743e-17 7.790319789815181507e-17
9.337835739450885120e-19 6.212993383318847422e-17 8.142437532572421853e-17
9.248607711482069323e-19 6.212152046793934341e-17 7.921379084472440310e-17
9.160339691380008390e-19 6.531400761969185703e-17 8.021908840049108748e-17
9.073020198857148649e-19 6.141229686745225438e-17 7.528737282370544017e-17
8.986695186275675982e-19 6.142111382991617452e-17 7.733860778706827779e-17
8.901352288187963013e-19 5.997900697202688058e-17 7.427307348013858345e-17
8.816979308330722924e-19 6.212870937454224766e-17 7.628890565288277235e-17
8.733508116530697515e-19 5.970974793241093403e-17 7.642761085237688198e-17
8.650928005981008317e-19 6.043365419512668319e-17 7.757060513693385156e-17
8.569339074411251758e-19 6.002713470037896472e-17 7.819655038390877234e-17
8.488563763346708782e-19 6.157656116463023421e-17 7.573093337031938949e-17
8.408756659792115187e-19 6.271333395675082034e-17 7.999232886734899479e-17
8.329796977715410014e-19 6.017736939087759228e-17 7.898548509683837270e-17
8.251728559323865335e-19 5.815279069379523694e-17 7.498738614615270021e-17
8.174486979953893174e-19 6.222219082738112221e-17 7.652545866637729256e-17
8.098115621244296550e-19 6.123903147515637097e-17 7.825278860472105130e-17
8.022551067523547791e-19 6.248183258704449938e-17 7.538194423397400394e-17
7.947836244229002938e-19 6.262531781592939919e-17 7.927215330880882971e-17
7.873908724224317274e-19 6.038432159899981059e-17 7.857635372761987082e-17
7.800810981121113658e-19 6.173760447135902017e-17 7.990226692680554361e-17
7.728532885215965455e-19 5.960206083487215036e-17 7.430031686350157480e-17
7.657013459337771679e-19 6.322783530619240545e-17 7.840126137515602104e-17
7.586294511924497152e-19 5.945809874980854688e-17 7.311794438589193145e-17
7.516316005276664506e-19 5.708592272136886657e-17 7.242340012388850296e-17
7.447119306846925631e-19 6.064033486639862715e-17 7.659387329625808702e-17
7.378645299672693836e-19 5.751017285927162731e-17 7.232990250626377914e-17
7.310885616658890843e-19 5.900766367295874499e-17 7.647800380038451079e-17
7.243929937146743957e-19 5.757430150491200148e-17 7.213688331788695002e-17
7.177622222548857458e-19 5.813740619767426959e-17 7.405006641730704731e-17
7.112100371075643384e-19 5.632198948152748857e-17 7.020358291012990156e-17
7.047210523745085553e-19 5.875479479413143069e-17 7.347021599388024563e-17
6.983041178448608388e-19 5.702334647675339730e-17 7.181876948352453269e-17
6.919583662350232572e-19 5.855884223946174560e-17 7.460963992408462082e-17
6.856782363099182098e-19 5.582388634296261403e-17 7.165350604805171971e-17
6.794629765111565444e-19 5.870383281566281207e-17 7.109880985719194720e-17
6.733164884819702347e-19 5.637048529260521472e-17 6.649272471226617639e-17
6.672379481799798532e-19 5.759637016413336010e-17 7.157098290831058892e-17
6.612219594935389820e-19 5.876365379233472602e-17 7.121346181339396468e-17
6.552678098455161886e-19 5.716150282033850558e-17 6.916304831277969024e-17
6.493793188025186673e-19 5.572467129621907034e-17 6.816914976948411899e-17
6.435512095692983840e-19 5.529015856478589029e-17 6.709676065819360258e-17
6.377827969927020377e-19 5.689420329007819764e-17 6.934999734334993244e-17
6.320778398542356239e-19 5.883754455467494990e-17 7.126797150770010612e-17
6.264311772733191056e-19 5.492887273076744590e-17 6.888021676789885210e-17
6.208465282891768596e-19 5.411542622232681114e-17 6.575511274313097392e-17
6.153188076979004079e-19 5.395988035894588929e-17 6.853411139808647353e-17
6.098473737396409232e-19 5.302171650046428857e-17 6.954482932140669833e-17
6.044358862939882565e-19 5.477871087398761667e-17 6.760054712423361825e-17
5.990793706552426477e-19 5.551087777365537078e-17 6.663548261222159861e-17
5.937814480251516614e-19 5.739817851144919039e-17 6.821754952055548627e-17
5.885372158576020764e-19 5.397991904541724180e-17 6.816717447284078836e-17
5.833460727924666559e-19 5.343331778634715368e-17 6.613217404280553756e-17
5.782074249504714459e-19 5.261936144369202238e-17 6.593550701159986973e-17
5.731248167868432790e-19 5.347725218070832421e-17 6.676699502562385087e-17
5.680934854118398537e-19 5.554236163403034967e-17 6.379065747084113925e-17
5.631128594054887886e-19 5.341714103537214612e-17 6.584938872073853517e-17
5.581864269404246526e-19 5.196545250866990399e-17 6.597215865813020409e-17
5.533095266551723761e-19 5.232516019165126761e-17 6.398062137022600644e-17
5.484816086605981537e-19 5.171606868527543377e-17 6.696523290757608206e-17
5.437061057850031449e-19 5.372738740153166582e-17 6.603194713135497429e-17
5.389745045888615762e-19 5.168116938175310676e-17 6.299215051423222796e-17
5.342942023890433151e-19 5.176246629647657386e-17 6.625839880667822204e-17
5.296646016565395185e-19 5.221029961223791517e-17 6.076893393420925841e-17
5.250773591904965425e-19 5.187578214758340353e-17 6.478227646600912137e-17
5.205397431405575393e-19 5.050046720053292201e-17 6.383117685742317221e-17
5.160473491280348940e-19 5.074934968425776816e-17 6.150358990532683847e-17
5.115996800777649906e-19 5.071224797698113906e-17 6.377353412686957429e-17
5.072000253651975253e-19 5.323333137859158353e-17 6.439645739366617767e-17
5.028403155774924698e-19 5.101674756743830264e-17 6.358677912648222967e-17
4.985276091324384291e-19 4.926435885427669047e-17 6.202534558910231159e-17
4.942576528592215656e-19 5.189513967573618833e-17 6.576101606500642027e-17
4.900336668359488386e-19 5.394300533113863467e-17 6.403601776166161578e-17
4.858477925550389780e-19 5.064147147369796666e-17 6.413069208233534286e-17
4.817069259425123045e-19 5.149609962022608823e-17 6.289857632942991789e-17
4.776033110350901000e-19 5.283191670699409292e-17 6.270248896608418388e-17
4.735437639295216914e-19 5.224582345187412899e-17 6.510414762780204181e-17
4.695242040526088856e-19 5.425536808771496519e-17 6.528414462689406341e-17
4.655477502345530762e-19 5.247765540634991406e-17 6.343669254384557228e-17
4.616068470314347741e-19 5.103063216634795576e-17 6.310430657395210922e-17
4.577046456209619920e-19 5.328541059504343814e-17 6.134878708759557093e-17
4.538442152726931151e-19 5.063536892075952829e-17 6.256310446140850354e-17
4.500216124644462707e-19 5.008134447522042379e-17 6.113387985333078812e-17
4.462364293314469287e-19 5.038071382134428384e-17 6.141617442116831238e-17
4.424848388139617196e-19 4.999576575049910815e-17 5.899680967186409129e-17
4.387767149089980999e-19 4.822737629490227169e-17 5.980375347158207732e-17
4.351013919749840802e-19 4.834856257642654470e-17 5.986530097550212431e-17
4.314619053013067829e-19 4.929488912399227143e-17 5.907891622104200178e-17
4.278578707308020773e-19 4.872615871768849162e-17 5.882087095804682227e-17
4.242922300622160985e-19 5.122309825345015353e-17 6.071237794097770341e-17
4.207579453220163950e-19 5.172950648543809564e-17 6.156356537077833933e-17
4.172612688763206969e-19 4.758269584041331321e-17 5.803789732972422452e-17
4.137952518408753637e-19 4.780950333856593157e-17 6.138072271590783179e-17
4.103660756051025916e-19 4.953166346372739729e-17 5.900821019702727846e-17
4.069701014955448057e-19 5.308481747833662806e-17 6.315154018758548484e-17
4.036069764571737219e-19 4.700455271680523674e-17 6.001120484472530858e-17
4.002763515851033893e-19 5.039933207563063659e-17 5.858130382234523237e-17
3.969778820706628039e-19 4.807096703874317632e-17 6.153893209692539942e-17
3.937080810324101351e-19 5.203788468527028073e-17 6.219423415023505908e-17
3.904729226818014866e-19 4.822882606070078810e-17 5.717257152217749125e-17
3.872720179186572474e-19 4.823509249775566431e-17 5.975472783675921956e-17
3.840988018277195446e-19 4.768750628212810788e-17 5.983961964311588406e-17
3.809560766601390580e-19 4.732260959999036806e-17 5.765781476516206995e-17
3.778435210944154083e-19 4.894279070538597686e-17 5.887768575478128083e-17
3.747608175487046297e-19 4.832526304572619992e-17 5.836560165470720543e-17
3.717076521327347667e-19 4.714004832450545372e-17 5.768874697865531021e-17
3.686837146004026227e-19 4.639687538360047849e-17 5.714857952080840150e-17
3.656886983030386147e-19 5.124903838588981815e-17 5.795143827241261052e-17
3.627223001433329435e-19 4.956275254094353451e-17 5.805256807644118153e-17
3.597871678173564537e-19 4.837589317920126126e-17 5.912322038699839612e-17
3.568770933338799329e-19 4.829053726682012419e-17 5.893925819809074875e-17
3.539947486797629047e-19 4.843517121825429424e-17 5.766296290796501880e-17
3.511398445141093876e-19 4.943994730928156616e-17 6.069060388909010184e-17
3.483120948265601493e-19 4.839445398057696896e-17 5.773917653544276400e-17
3.455112168949658705e-19 4.945921767232442701e-17 5.864029012648770720e-17
3.427369312436527719e-19 4.640520409247697269e-17 5.752278427558811848e-17
3.399889616022695846e-19 4.717373472445047003e-17 5.815882027356156224e-17
3.372670348652087838e-19 4.697675734355137910e-17 5.819353822673711695e-17
3.345708810515930827e-19 4.906014481552013278e-17 5.600636320053828663e-17
3.318974532757577113e-19 4.980597982917319900e-17 5.756430885868323386e-17
3.292520637378534395e-19 4.755433448677657946e-17 5.915457747777974709e-17
3.266316554213580591e-19 5.031583913365912467e-17 6.242402320296862266e-17
3.240332383271210534e-19 5.001437591328183377e-17 6.023554057381127970e-17
3.214620375004431172e-19 4.935148039216980085e-17 6.020882669351939122e-17
3.189123521404985822e-19 4.750596591856981551e-17 5.445419270468981827e-17
3.163893501524926648e-19 4.767819066295922065e-17 5.835040822582940491e-17
3.138873988710380467e-19 4.703387992100891808e-17 5.902732641946572058e-17
3.114089551910680425e-19 4.730974295169560553e-17 5.953627435530592222e-17
3.089537779719911930e-19 5.019766162258514682e-17 5.826067924635057665e-17
3.065216287964249836e-19 4.978480161906404170e-17 5.813405197516697433e-17
3.041122719362828185e-19 4.718970134967461599e-17 5.838047092372223668e-17
3.017228797241378312e-19 4.921074369820336005e-17 5.948968818374662028e-17
2.993584256429682825e-19 4.877492774155437572e-17 5.752293250695706089e-17
2.970160723919758689e-19 4.947987998330056828e-17 6.396456509381481426e-17
2.946930439892027584e-19 4.738489331624407248e-17 5.552645663982297155e-17
2.923916972051964853e-19 4.741382300586338345e-17 5.486665079309651892e-17
2.901118114561154562e-19 5.046634818457818512e-17 5.946740469658549037e-17
2.878531686260791933e-19 4.909061455608756317e-17 5.788604506267989190e-17
2.856155530367377757e-19 4.727197731137454169e-17 5.898266999956728408e-17
2.833987514172537162e-19 5.143200149417110092e-17 5.831712903062872839e-17
2.812000872670360182e-19 4.562334332591855045e-17 5.825400429747846999e-17
2.790242970894158758e-19 4.710957585604399071e-17 5.457448276269794026e-17
2.768662570832519369e-19 4.643177644930354849e-17 5.527406004678680903e-17
2.747282286351043612e-19 4.920686203380070814e-17 5.918565760810489374e-17
2.726100097904933549e-19 4.936417951133337164e-17 5.525416567419496830e-17
2.705114008338434218e-19 4.907012107610388241e-17 5.805672248706650139e-17
2.684298202103070251e-19 4.966961369094859374e-17 5.783293308524668286e-17
2.663674831775566617e-19 4.689491679607027408e-17 5.758553587333820050e-17
2.643265539145540523e-19 5.025751234561161947e-17 5.710817675255244377e-17
2.623021128052825371e-19 5.068742177315475948e-17 5.905634492122875982e-17
2.602940098947014639e-19 4.726089753916899761e-17 5.903746440102089188e-17
2.583067340663618451e-19 4.922701739997670970e-17 6.072391655158958627e-17
2.563377557304454175e-19 4.857212222835156839e-17 5.811341039468346641e-17
2.543845987506350486e-19 5.058030615021537022e-17 6.132131078261694967e-17
2.524494005008130230e-19 4.797022910191910374e-17 5.873989417424257943e-17
2.505319816933650896e-19 5.132771735448872493e-17 5.594023867704691680e-17
2.486299095299596707e-19 4.708920309999648660e-17 5.560325590117321341e-17
2.467475319491710777e-19 4.687053265367427114e-17 5.832619789595657550e-17
2.448801767406398677e-19 4.861923952335598902e-17 5.792894516551679019e-17
2.430299275504776291e-19 5.163964841214810089e-17 5.793506945203855218e-17
2.411944079471286976e-19 4.683387056394497082e-17 5.868438212740759498e-17
2.393778748213679945e-19 5.076725993158992428e-17 5.775231120265972211e-17
2.375757608206874926e-19 5.167562170688717925e-17 5.860208167866172871e-17
2.357901077092944569e-19 5.160356041467983073e-17 6.146612260502091566e-17
2.340207525621823732e-19 5.098000104965883654e-17 5.956580409386539629e-17
2.322653871341397703e-19 4.876569686886695760e-17 5.638378557673318795e-17
2.305281578223966354e-19 5.198340982925050704e-17 6.031671156780060286e-17
2.288046242448639991e-19 4.814748267979335091e-17 6.173073724594021820e-17
2.270946648589118956e-19 5.250423540353682072e-17 5.828163454328463660e-17
2.254023613554193649e-19 4.631590567894576994e-17 5.953880975514201919e-17
2.237233472968715751e-19 5.068918516679681401e-17 5.903514546083196177e-17
2.220595836451192078e-19 4.970647049643963910e-17 6.340152037171690602e-17
2.204109205812916466e-19 5.020125594062710298e-17 5.929729205398585050e-17
2.187751537393273794e-19 5.115228332199226688e-17 5.998782134044726604e-17
2.171542147092420590e-19 4.914173189849056894e-17 6.069495048649256864e-17
2.155479582247801290e-19 5.109697555282021622e-17 6.203146334442177373e-17
2.139562405760039252e-19 5.202974235723344620e-17 6.013709174065183117e-17
2.123769070929227988e-19 4.784600534115117083e-17 5.988436525366255223e-17
2.108118510881806698e-19 5.219647635003565706e-17 6.184414982856588436e-17
2.092589420945466310e-19 5.091950109954187908e-17 6.162682399140047933e-17
2.077220350311960662e-19 4.871802128728745659e-17 6.294486414331966756e-17
2.061970217343479383e-19 4.857987044800018233e-17 5.894577004008764200e-17
2.046837986010025237e-19 4.886863567140612196e-17 5.978489738527280350e-17
2.031861613656496038e-19 4.782234465343281049e-17 6.019787729102925187e-17
2.017000688842064768e-19 5.370386974825625710e-17 6.212092958125916354e-17
2.002254209883618355e-19 5.170765209915495919e-17 6.118638053749466749e-17
1.987659553392812003e-19 5.207207128373471007e-17 6.300714326811855621e-17
1.973176964339301687e-19 5.627854577780206396e-17 5.978223377423428699e-17
1.958824456870253317e-19 5.093833586480819865e-17 6.153531319831415971e-17
1.944581889644544305e-19 4.990989098166672106e-17 6.270600866422109298e-17
1.930467098689075543e-19 5.247921366255755838e-17 6.640911657849395977e-17
1.916478850047932710e-19 5.187606346036301147e-17 6.242241517398331768e-17
1.902597335269791238e-19 5.006963151656681524e-17 6.259562088874784989e-17
1.888840128119468235e-19 5.099954515928819766e-17 6.180841162437136174e-17
1.875206031285944245e-19 4.994127520831130303e-17 5.837336804960042560e-17
1.861675562207463635e-19 4.855903084561429147e-17 6.712126012252492818e-17
1.848266037002345448e-19 5.525834131321963956e-17 6.308464027461856331e-17
1.834976293789410823e-19 5.259372760870632898e-17 6.461149532087286431e-17
1.821787169075969585e-19 5.309077903161548406e-17 6.611596587770931235e-17
1.808715725858070990e-19 5.244212431770079950e-17 6.352468169293978013e-17
1.795760836513823993e-19 5.372301745800287561e-17 6.226337298129270017e-17
1.782903649973362640e-19 5.182555569391408263e-17 6.132623091115461283e-17
1.770143336982744783e-19 4.901371431856941170e-17 6.291134877936465637e-17
1.757514181239893749e-19 5.653315759326772941e-17 6.409975869280529454e-17
1.744978156205649571e-19 5.588171956927083395e-17 6.529829106372402674e-17
1.732548384395452935e-19 5.036370238332297843e-17 6.845786167409602068e-17
1.720223883579692323e-19 5.205168035477335091e-17 6.792955092838115832e-17
1.708000242706656610e-19 5.362812785535864050e-17 6.867804488682392129e-17
1.695879973501028114e-19 5.158246660720282872e-17 6.385620178980750623e-17
1.683860421205809728e-19 5.401953771746607227e-17 6.236951333486508392e-17
1.671940668670191610e-19 5.171716509992932905e-17 6.653731283762188752e-17
1.660119807964725639e-19 5.722841113410510178e-17 6.566180476568903231e-17
1.648396940278896757e-19 5.413879020441207740e-17 6.385013401868440247e-17
1.636771175819946889e-19 5.494955184824204007e-17 6.888399532861119478e-17
1.625241633712935308e-19 5.147904386605478809e-17 6.748301917874548322e-17
1.613805791478271941e-19 5.679578253878951201e-17 6.891163535460292003e-17
1.602466095006943671e-19 5.388465145283183646e-17 5.925639117511111396e-17
1.591218397014024297e-19 5.362902132778670755e-17 6.424648658378005319e-17
1.580063501586241958e-19 5.403726013518518211e-17 6.870824399750025941e-17
1.569000570824252485e-19 5.600111334446507977e-17 7.379042927929870679e-17
1.558028775173493877e-19 5.606861986136271891e-17 6.785771014631687336e-17
1.547145692386963719e-19 5.582390699041487358e-17 7.111775083779284601e-17
1.536352126401367427e-19 5.392972584908810786e-17 7.225873735984583932e-17
1.525647271998181260e-19 5.475671808323122081e-17 6.784056523254815169e-17
1.515028755043105966e-19 5.177898032097004165e-17 7.327893624995510769e-17
1.504497378931925464e-19 5.662344900153621668e-17 6.806390351189602031e-17
1.494052361993739220e-19 5.793362716537699925e-17 7.001124588590892840e-17
1.483691376978361194e-19 5.664565274088615907e-17 6.729007346165565204e-17
1.473415226427582577e-19 5.917424917153676822e-17 6.923289201876802872e-17
1.463221613634836430e-19 5.845234412777892050e-17 6.965397313162979148e-17
1.453109810206005844e-19 5.710391675908743190e-17 6.899677140275807173e-17
1.443080617389647017e-19 6.315113427645503327e-17 7.337618755868202396e-17
1.433133298214189753e-19 5.522816421142907232e-17 7.185528170397807137e-17
1.423264108092767735e-19 5.815934806537139595e-17 7.207751022781890953e-17
1.413476869186277806e-19 5.717490629720362889e-17 7.206688673272171178e-17
1.403766365892740182e-19 5.794488346737040962e-17 7.160429799352237482e-17
1.394134904181650150e-19 5.735011037734493579e-17 7.333335488858260494e-17
1.384580304321887820e-19 6.209020932286277854e-17 7.847121413821014828e-17
1.375101893118565124e-19 6.208748760442767894e-17 8.035510293552756164e-17
1.365700467125723353e-19 5.655577268284919202e-17 7.352747176972776479e-17
1.356372432445959362e-19 6.140624247385444481e-17 6.985328573201008240e-17
1.347121503431572662e-19 6.138883453143380255e-17 7.155739648696056417e-17
1.337942664609230688e-19 5.682243284158792467e-17 6.917243680135999760e-17
1.328836730838842555e-19 6.424427718499794635e-17 6.575930172656460171e-17
1.319804494764493027e-19 6.378318074892467882e-17 7.772360468224362314e-17
1.310843885900344062e-19 5.857386344707621945e-17 7.181511467194576426e-17
1.301952867849926173e-19 6.321970147008066714e-17 6.678461635165268242e-17
1.293133658183461165e-19 5.944550359588225961e-17 7.396139651389618943e-17
1.284384225454412247e-19 5.952074890405656444e-17 7.934441067877343638e-17
1.275703964711004111e-19 6.186282473534860979e-17 7.342553594821530189e-17
1.267092276793268441e-19 6.329314524156688678e-17 7.725575809003266471e-17
1.258548568271774303e-19 6.648972877713686070e-17 7.892721103255012599e-17
1.250072251387073779e-19 6.205761789626356980e-17 8.032658541685333254e-17
1.241662743989849359e-19 6.520368018460212437e-17 7.550256418141693675e-17
1.233319469481757802e-19 6.338834941141598330e-17 7.396339154324680538e-17
1.225041856756961549e-19 5.934420003939507463e-17 7.095921040284352359e-17
1.216827993636903738e-19 5.870051651225406226e-17 7.479332921731435508e-17
1.208680019339921913e-19 6.683008695435926154e-17 8.830619886445076848e-17
1.200594692297479101e-19 6.568614429634487806e-17 8.025104169113847028e-17
1.192572809193345791e-19 6.199357142613533003e-17 7.489086470144269714e-17
1.184615146168226143e-19 6.456683430285962920e-17 7.856776646143710217e-17
1.176717201507184440e-19 6.633727655409023143e-17 8.155745108064584043e-17
1.168882403116652782e-19 6.729839631960537305e-17 8.060839402455389036e-17
1.161107599099755927e-19 6.546115872870266227e-17 8.027142291077087897e-17
1.153393579448252436e-19 6.230200295950605979e-17 6.694184773251163336e-17
1.145739824688789815e-19 7.036560277678688677e-17 8.266810785589405834e-17
1.138144536977219448e-19 6.751961203077053920e-17 7.812667012552707985e-17
1.130608502079243133e-19 6.902653545283589441e-17 9.336802209631273324e-17
1.123131214943173449e-19 6.303191901382395194e-17 7.887204579254609537e-17
1.115710910241790865e-19 6.758401540790127322e-17 8.078643116267439588e-17
1.108348369402182334e-19 7.607480692699578839e-17 8.620680999531056170e-17
1.101043101351982007e-19 6.315562957647773543e-17 7.910005002809728716e-17
1.093793372520502580e-19 7.112741292641550242e-17 8.582610475857002472e-17
1.086599959891622268e-19 7.716285155447532216e-17 8.297338393554986178e-17
1.079461150618939265e-19 7.229964967753896744e-17 8.804172128066893493e-17
1.072376489143157139e-19 6.996260029875302103e-17 9.002019062682024390e-17
1.065346747804748806e-19 7.406527109092832048e-17 9.766999657700841483e-17
1.058371462119844925e-19 6.635949061492326389e-17 8.637992945125843018e-17
1.051447747538107767e-19 7.563201928342896655e-17 8.981067734561087386e-17
1.044578801862290478e-19 7.666182137172851219e-17 8.423741123221450161e-17
1.037760553756412743e-19 6.732961468199766745e-17 8.628176056906134056e-17
1.030994979865601398e-19 7.130997248068440707e-17 9.679323011390339313e-17
1.024281636596602049e-19 6.931998070979473399e-17 8.132713140526074967e-17
1.017618900427786952e-19 7.291401346805118035e-17 7.563825864170007236e-17
1.011006352544118683e-19 6.886871818311607999e-17 8.913385790298784457e-17
1.004443577964119641e-19 7.329923058250070384e-17 9.550548232978622298e-17
9.979301655010622711e-20 7.448319171370179220e-17 9.123069904671695441e-17
9.914668698249856500e-20 7.270257972101081816e-17 9.144523782843581019e-17
9.850521143133386382e-20 7.666865870408535318e-17 9.725824479995578011e-17
9.786866503508079015e-20 7.573970970050393037e-17 8.802837999157825007e-17
9.723677736577497077e-20 8.137210200895665039e-17 9.268432005522971293e-17
9.660973889088919653e-20 7.507130691529551197e-17 1.112984147541413359e-16
9.598739557570728535e-20 6.812633190511080048e-17 9.434147545957749637e-17
9.536970887098908093e-20 7.882155805103621158e-17 9.474970370498688476e-17
9.475664057726689750e-20 7.670932023054241021e-17 9.895681359688350740e-17
9.414826481396445502e-20 7.253890930042320072e-17 1.009833459376127259e-16
9.354431960941515584e-20 7.496370486589343685e-17 9.635709336082741136e-17
9.294499122776322889e-20 8.039263193568051715e-17 9.697242698077818162e-17
9.235013087014958063e-20 7.825896933506229143e-17 1.070614212845693504e-16
9.175970204287453438e-20 7.564851798121687643e-17 9.122087126883477850e-17
9.117366858145185871e-20 7.371711382488389820e-17 9.128173342477260166e-17
9.059199464732681427e-20 8.636115026114731416e-17 1.035084521023397781e-16
9.001464472463003502e-20 8.029381480874122576e-17 1.065608655091734065e-16
8.944158361696713536e-20 8.432412234057570243e-17 9.362224168335524981e-17
8.887277644424333321e-20 8.740906128649203574e-17 9.903520966843121312e-17
8.830818863952302858e-20 8.483403405265227051e-17 1.041884743539355171e-16
8.774778594592339894e-20 8.428433226535641242e-17 1.150515631254144532e-16
8.719153441354221603e-20 8.999470913955938363e-17 1.137300131680282443e-16
8.663929490598306742e-20 6.959811908000016956e-17 9.763814626680970978e-17
8.609124553804993767e-20 8.476460300301039459e-17 1.074416755994613140e-16
8.554724729057302748e-20 8.535956967145230042e-17 1.011325853151408785e-16
8.500726741153116813e-20 8.444486759707873539e-17 1.048688886484862667e-16
8.447116985019170769e-20 8.841611699612387182e-17 1.282195353263549867e-16
8.393913008573886110e-20 8.577831901848065426e-17 1.225048518369707491e-16
8.341090951516317195e-20 9.026645670021079003e-17 1.089487226719669896e-16
8.288658012070919076e-20 8.503962832358888238e-17 1.179717074189379454e-16
8.236611057465747433e-20 8.514893901689569901e-17 1.110615032467941330e-16
8.184946982739404307e-20 9.477887812715058392e-17 1.091273759452474172e-16
8.133652628382070562e-20 9.948567217608225471e-17 1.453147892653756131e-16
8.082735116848745659e-20 8.853293099561848481e-17 1.153162316919388921e-16
8.032191424224850649e-20 8.869838470854203792e-17 1.135017658930164027e-16
7.982018553340395257e-20 8.294461488431432984e-17 1.247211264427072093e-16
7.932213533508887984e-20 8.926365415471447752e-17 1.081861239834373614e-16
7.882763561971708968e-20 9.998120466318733608e-17 1.199163155415851151e-16
7.833675666555029204e-20 9.416185055184924652e-17 1.317980869876247507e-16
7.784946953748248408e-20 8.985831595050036832e-17 1.012795052935275317e-16
7.736564828513121607e-20 7.455633468178511382e-17 1.020663389448139889e-16
7.688536261597771907e-20 1.122003895981787172e-16 1.092325447943267425e-16
7.640848793767595377e-20 9.089238129315967613e-17 1.266648017373410302e-16
7.593518955382776482e-20 9.999442169155481298e-17 1.187501834264978786e-16
7.546524738101883980e-20 9.808803872603241185e-17 1.208970716373142735e-16
7.499863523875455298e-20 9.133870965669251080e-17 1.352369309147574753e-16
7.453542188184182825e-20 9.641376169267503936e-17 1.200019087576607554e-16
7.407548603399039246e-20 1.020291411143719064e-16 1.358751875619566226e-16
7.361889606815218478e-20 9.576513678585537896e-17 1.112349382205649355e-16
7.316562546097417338e-20 9.460722418670246890e-17 1.412330183311114604e-16
7.271555487208816331e-20 1.152735936737516546e-16 1.238187265574109261e-16
7.226875210598471134e-20 1.001898320716057205e-16 1.320325411337364558e-16
7.182519132005477454e-20 1.045128765216919995e-16 1.288463825825476119e-16
7.138466324297970924e-20 1.213784657134969479e-16 1.733185246059092195e-16
7.094732774419985964e-20 1.005084394395995387e-16 1.434736992286407546e-16
7.051315963592729910e-20 1.132161533872783745e-16 1.406350830216389589e-16
7.008204332379298390e-20 1.003973929297520355e-16 1.318497646308245651e-16
6.965404547249250652e-20 1.153737297309025188e-16 1.289249414540757083e-16
6.922905170220252129e-20 1.190127969923384492e-16 1.705359821790289305e-16
6.880712829910913276e-20 9.145409332513683642e-17 1.496261952653797825e-16
6.838816208135110039e-20 1.102238668449229038e-16 1.431920565775184228e-16
6.797213029166666326e-20 1.196418883150914305e-16 1.599284217359223242e-16
6.755909864682998880e-20 1.204250854472442109e-16 1.865435802075349235e-16
6.714895572829858041e-20 1.075972610978803778e-16 1.601534487646491415e-16
6.674176687648496283e-20 9.929579883600887432e-17 1.322170296870005023e-16
6.633742183060637738e-20 1.202150298401596392e-16 2.075831373575269773e-16
6.593589879661704420e-20 1.148801018322249655e-16 1.674163305668824841e-16
6.553726254906552307e-20 1.059857931268781824e-16 1.477625110172194979e-16
6.514140453153568557e-20 1.263290874323104740e-16 1.533395210686910744e-16
6.474830350509253970e-20 1.167860432726796357e-16 1.556904344813273737e-16
6.435802368078071487e-20 1.223984851116672337e-16 1.585331464038655298e-16
6.397037326909730533e-20 1.112490540444056075e-16 1.925018677384576941e-16
6.358558628050175549e-20 1.334611811007596579e-16 1.657823088784612971e-16
6.320338748031660734e-20 1.283425186366179796e-16 2.455447405726074348e-16
6.282392523348186019e-20 1.231260585425110049e-16 1.824997713061656384e-16
6.244709482704030775e-20 1.228553434506376785e-16 1.351888473982288270e-16
6.207287625577317016e-20 1.186876311878400231e-16 1.339740470469616408e-16
6.170133242391491221e-20 1.214709955709247415e-16 1.540705315523910530e-16
6.133236021222261494e-20 1.055940452480722556e-16 1.517395679861467548e-16
6.096594012065170347e-20 1.492536433953152383e-16 2.044835831631798496e-16
6.060205281253433638e-20 1.177290355395526014e-16 1.443829371925948630e-16
6.024067911306613037e-20 1.133815874892252354e-16 1.745299075196662431e-16
5.988188099997324018e-20 1.276246831710185815e-16 1.407923074962447704e-16
5.952555793697375199e-20 1.457735758431235135e-16 1.660729431986667326e-16
5.917161092597982437e-20 1.187907223646171179e-16 1.862051948360192123e-16
5.882018238174946744e-20 1.586721533997855260e-16 1.854961709177842025e-16
5.847125290010844339e-20 1.236927023462962466e-16 1.639673952997044598e-16
5.812464466290467182e-20 1.566969536593450351e-16 1.996204395711333009e-16
5.778041955737501868e-20 1.458359678574253874e-16 2.094901157020482734e-16
5.743863827638805418e-20 1.204131332721390225e-16 1.559134865961871134e-16
5.709912546944649484e-20 1.272425256115337614e-16 1.580041206794076393e-16
5.676202041773713109e-20 1.561504963054349741e-16 1.588920734930660317e-16
5.642722702153801526e-20 1.475143633843343575e-16 1.984843793541748098e-16
5.609472794607109494e-20 1.409795753727166892e-16 1.965650821627933253e-16
5.576450600000758643e-20 1.766966843904570118e-16 1.879212748982569822e-16
5.543654413415657302e-20 1.585304590218438844e-16 1.851896190553118770e-16
5.511082544016696424e-20 1.768529978802790098e-16 2.366632857510795798e-16
5.478725713458926980e-20 1.746961335265001894e-16 2.074059029126035152e-16
5.446597493426829589e-20 1.286646899919173783e-16 2.137613862852095181e-16
5.414688601134587577e-20 1.608075858039298099e-16 2.124455209450182129e-16
5.382997400811784660e-20 1.615566770327575260e-16 2.244640243261363463e-16
5.351522270142196054e-20 1.607558451149458906e-16 2.146992164661183413e-16
5.320261600141587013e-20 1.638355554178911044e-16 1.786904675465148285e-16
5.289213795036735543e-20 1.401459519366605570e-16 1.958755060729770100e-16
5.258377272145666638e-20 1.624405113773164944e-16 2.611115136020763928e-16
5.227750461759072779e-20 1.501345700164947872e-16 1.630445475899509025e-16
5.197331807022927897e-20 1.733066090978973416e-16 2.221171246362353547e-16
5.167119763822255700e-20 1.622917055592577708e-16 2.204742540968282776e-16
5.137105540088426682e-20 1.577656539060663348e-16 2.626734015604367495e-16
5.107302168029170843e-20 1.585818702347296188e-16 1.710838643716336895e-16
5.077693649628662280e-20 1.932089235300221522e-16 2.358427377303233266e-16
5.048292921645880589e-20 2.695433313071088747e-16 2.182995648517677079e-16
5.019084130044353752e-20 1.844528214667684794e-16 2.429141849725963258e-16
4.990073004976714842e-20 1.790879355531759098e-16 2.248443086168462296e-16
4.961258087890492990e-20 2.593464222036129445e-16 2.807792095476323910e-16
4.932637932086769653e-20 1.545122623437723169e-16 3.049278676613623819e-16
4.904211102613877510e-20 1.533872058302316051e-16 2.092372909879659650e-16
4.875969180380057820e-20 2.281014450487810728e-16 2.674672345048553211e-16
4.847924773848859311e-20 1.609861283972933480e-16 2.347777718975831133e-16
4.820062519496575319e-20 1.895237289404463217e-16 2.596690651878017075e-16
4.792394933870777787e-20 1.745118820963437018e-16 1.900038461608527063e-16
4.764899908140702701e-20 1.917764914770257109e-16 2.431892072673381551e-16
4.737596805856857888e-20 1.863905646345088400e-16 2.424357653998977264e-16
4.710477360774087782e-20 2.651600184738871955e-16 2.036584018264775916e-16
4.683533429658470795e-20 1.858459256671366074e-16 2.641105283404027298e-16
4.656770531708932667e-20 1.442975712659350064e-16 2.930141115336409553e-16
4.630187342987000857e-20 1.955534981437280793e-16 2.904345933927211777e-16
4.603782550205774443e-20 2.659463963425446457e-16 3.879961860854515433e-16
4.577554850635430183e-20 2.587165399703586729e-16 2.286552526647368554e-16
4.551496290792712589e-20 1.625538032823591919e-16 2.963084809971607655e-16
4.525612303936002994e-20 2.773011299992224132e-16 2.613397668529378927e-16
4.499895010623523453e-20 2.300817715254459805e-16 4.378514535236688444e-16
4.474356390550679192e-20 2.092353013656183700e-16 3.028605535374874332e-16
4.448982003579574780e-20 2.189705974758614502e-16 4.129824603081208440e-16
4.423777215004881270e-20 2.063199696642299083e-16 3.103528232437354374e-16
4.398740792632239536e-20 2.144350952669888249e-16 3.109600598042501985e-16
4.373865038834996178e-20 2.363364244729409896e-16 2.220267835867167558e-16
4.349155268346536890e-20 2.056859100566334508e-16 2.654655661884563875e-16
4.324603854500708278e-20 2.666993466349654473e-16 5.411039984060547980e-16
4.300222476008932329e-20 2.325883444175455377e-16 3.972527143785810347e-16
4.275997127464361283e-20 2.561272791751659324e-16 3.099987047237538728e-16
4.251926710587142603e-20 2.923131861611070897e-16 4.236576338380246965e-16
4.228016456697120024e-20 1.925665885941762947e-16 2.772904222645889553e-16
4.204265208804470225e-20 3.338720206839137307e-16 3.798649062799281283e-16
4.180671819098457921e-20 2.016988829920398193e-16 3.954664042016553609e-16
4.157228903236950743e-20 2.554594470483382454e-16 3.061663220124189533e-16
4.133941626923677002e-20 2.691063180682501066e-16 5.150044717692616464e-16
4.110802673047382012e-20 2.731535040292693541e-16 4.224582324491916763e-16
4.087817174611021501e-20 3.150816888847441734e-16 4.173677908883619717e-16
4.064984027778749810e-20 2.805007445847718077e-16 3.452909838054541669e-16
4.042296014983640557e-20 2.728615404370244837e-16 4.501058129368575574e-16
4.019758220732657957e-20 3.086365016641979371e-16 3.157099231860897046e-16
3.997363492724208193e-20 2.618832001985627419e-16 4.378718641283753714e-16
3.975116883259903702e-20 2.733714294043059675e-16 3.689080061763212565e-16
3.953011304538320893e-20 2.499689449014896532e-16 4.137549558496995971e-16
3.931051776854508893e-20 3.478786182188028063e-16 5.970936764391598068e-16
3.909237254759360397e-20 3.314599089041229921e-16 4.927380759152337078e-16
3.887560745966270041e-20 3.283883930070227365e-16 4.806625290583705034e-16
3.866021291705864292e-20 3.579637787845156355e-16 5.832898486285664851e-16
3.844623848854227085e-20 2.786491725481814576e-16 3.730355518086441321e-16
3.823367403683611882e-20 2.908289362645735926e-16 3.944853186990822150e-16
3.802245088445711736e-20 2.875964920338212377e-16 5.411899665899652576e-16
3.781261813141417311e-20 3.082780672013799632e-16 5.228581431177487108e-16
3.760410771210739281e-20 2.706884377018700499e-16 6.031992323056178297e-16
3.739691048207866504e-20 4.996479792047003257e-16 4.695321421824866096e-16
3.719113278035419766e-20 4.188099959807000902e-16 5.989674812383547448e-16
3.698659180537301053e-20 2.721255932874305536e-16 5.667889455501269223e-16
3.678339381445044147e-20 2.910642180301553225e-16 4.495919668372804340e-16
3.658152927314983990e-20 3.479551832855105810e-16 5.881409727378515719e-16
