# L	D_L^phi phi
0.0000e+00	0.0000e+00
1.0000e+00	0.0000e+00
2.0000e+00	5.0339e-08
3.0000e+00	6.1151e-08
4.0000e+00	7.0437e-08
5.0000e+00	7.8494e-08
6.0000e+00	8.5519e-08
7.0000e+00	9.1698e-08
8.0000e+00	9.7165e-08
9.0000e+00	1.0203e-07
1.0000e+01	1.0636e-07
1.1000e+01	1.1025e-07
1.2000e+01	1.1371e-07
1.3000e+01	1.1683e-07
1.4000e+01	1.1962e-07
1.5000e+01	1.2213e-07
1.6000e+01	1.2438e-07
1.7000e+01	1.2639e-07
1.8000e+01	1.2819e-07
1.9000e+01	1.2981e-07
2.0000e+01	1.3124e-07
2.1000e+01	1.3250e-07
2.2000e+01	1.3363e-07
2.3000e+01	1.3462e-07
2.4000e+01	1.3548e-07
2.5000e+01	1.3623e-07
2.6000e+01	1.3687e-07
2.7000e+01	1.3741e-07
2.8000e+01	1.3786e-07
2.9000e+01	1.3823e-07
3.0000e+01	1.3852e-07
3.1000e+01	1.3873e-07
3.2000e+01	1.3888e-07
3.3000e+01	1.3897e-07
3.4000e+01	1.3900e-07
3.5000e+01	1.3897e-07
3.6000e+01	1.3890e-07
3.7000e+01	1.3877e-07
3.8000e+01	1.3860e-07
3.9000e+01	1.3839e-07
4.0000e+01	1.3815e-07
4.1000e+01	1.3787e-07
4.2000e+01	1.3755e-07
4.3000e+01	1.3721e-07
4.4000e+01	1.3683e-07
4.5000e+01	1.3643e-07
4.6000e+01	1.3601e-07
4.7000e+01	1.3556e-07
4.8000e+01	1.3509e-07
4.9000e+01	1.3460e-07
5.0000e+01	1.3409e-07
5.1000e+01	1.3357e-07
5.2000e+01	1.3303e-07
5.3000e+01	1.3247e-07
5.4000e+01	1.3190e-07
5.5000e+01	1.3132e-07
5.6000e+01	1.3072e-07
5.7000e+01	1.3012e-07
5.8000e+01	1.2951e-07
5.9000e+01	1.2889e-07
6.0000e+01	1.2826e-07
6.1000e+01	1.2762e-07
6.2000e+01	1.2697e-07
6.3000e+01	1.2632e-07
6.4000e+01	1.2567e-07
6.5000e+01	1.2501e-07
6.6000e+01	1.2434e-07
6.7000e+01	1.2367e-07
6.8000e+01	1.2300e-07
6.9000e+01	1.2232e-07
7.0000e+01	1.2164e-07
7.1000e+01	1.2096e-07
7.2000e+01	1.2028e-07
7.3000e+01	1.1960e-07
7.4000e+01	1.1892e-07
7.5000e+01	1.1824e-07
7.6000e+01	1.1755e-07
7.7000e+01	1.1687e-07
7.8000e+01	1.1618e-07
7.9000e+01	1.1550e-07
8.0000e+01	1.1482e-07
8.1000e+01	1.1414e-07
8.2000e+01	1.1346e-07
8.3000e+01	1.1278e-07
8.4000e+01	1.1210e-07
8.5000e+01	1.1143e-07
8.6000e+01	1.1075e-07
8.7000e+01	1.1008e-07
8.8000e+01	1.0941e-07
8.9000e+01	1.0875e-07
9.0000e+01	1.0808e-07
9.1000e+01	1.0742e-07
9.2000e+01	1.0677e-07
9.3000e+01	1.0611e-07
9.4000e+01	1.0546e-07
9.5000e+01	1.0481e-07
9.6000e+01	1.0417e-07
9.7000e+01	1.0353e-07
9.8000e+01	1.0289e-07
9.9000e+01	1.0225e-07
1.0000e+02	1.0162e-07
1.0100e+02	1.0100e-07
1.0200e+02	1.0037e-07
1.0300e+02	9.9751e-08
1.0400e+02	9.9135e-08
1.0500e+02	9.8522e-08
1.0600e+02	9.7913e-08
1.0700e+02	9.7307e-08
1.0800e+02	9.6706e-08
1.0900e+02	9.6109e-08
1.1000e+02	9.5516e-08
1.1100e+02	9.4926e-08
1.1200e+02	9.4341e-08
1.1300e+02	9.3760e-08
1.1400e+02	9.3183e-08
1.1500e+02	9.2610e-08
1.1600e+02	9.2042e-08
1.1700e+02	9.1477e-08
1.1800e+02	9.0917e-08
1.1900e+02	9.0360e-08
1.2000e+02	8.9808e-08
1.2100e+02	8.9259e-08
1.2200e+02	8.8715e-08
1.2300e+02	8.8175e-08
1.2400e+02	8.7639e-08
1.2500e+02	8.7107e-08
1.2600e+02	8.6579e-08
1.2700e+02	8.6055e-08
1.2800e+02	8.5535e-08
1.2900e+02	8.5019e-08
1.3000e+02	8.4508e-08
1.3100e+02	8.4000e-08
1.3200e+02	8.3497e-08
1.3300e+02	8.2997e-08
1.3400e+02	8.2502e-08
1.3500e+02	8.2011e-08
1.3600e+02	8.1523e-08
1.3700e+02	8.1040e-08
1.3800e+02	8.0560e-08
1.3900e+02	8.0085e-08
1.4000e+02	7.9613e-08
1.4100e+02	7.9145e-08
1.4200e+02	7.8681e-08
1.4300e+02	7.8220e-08
1.4400e+02	7.7763e-08
1.4500e+02	7.7311e-08
1.4600e+02	7.6861e-08
1.4700e+02	7.6416e-08
1.4800e+02	7.5974e-08
1.4900e+02	7.5535e-08
1.5000e+02	7.5101e-08
1.5100e+02	7.4670e-08
1.5200e+02	7.4242e-08
1.5300e+02	7.3818e-08
1.5400e+02	7.3397e-08
1.5500e+02	7.2980e-08
1.5600e+02	7.2566e-08
1.5700e+02	7.2156e-08
1.5800e+02	7.1749e-08
1.5900e+02	7.1346e-08
1.6000e+02	7.0946e-08
1.6100e+02	7.0549e-08
1.6200e+02	7.0155e-08
1.6300e+02	6.9765e-08
1.6400e+02	6.9378e-08
1.6500e+02	6.8994e-08
1.6600e+02	6.8613e-08
1.6700e+02	6.8236e-08
1.6800e+02	6.7861e-08
1.6900e+02	6.7490e-08
1.7000e+02	6.7122e-08
1.7100e+02	6.6757e-08
1.7200e+02	6.6395e-08
1.7300e+02	6.6035e-08
1.7400e+02	6.5679e-08
1.7500e+02	6.5326e-08
1.7600e+02	6.4976e-08
1.7700e+02	6.4629e-08
1.7800e+02	6.4284e-08
1.7900e+02	6.3943e-08
1.8000e+02	6.3604e-08
1.8100e+02	6.3268e-08
1.8200e+02	6.2935e-08
1.8300e+02	6.2605e-08
1.8400e+02	6.2277e-08
1.8500e+02	6.1952e-08
1.8600e+02	6.1630e-08
1.8700e+02	6.1310e-08
1.8800e+02	6.0993e-08
1.8900e+02	6.0679e-08
1.9000e+02	6.0367e-08
1.9100e+02	6.0057e-08
1.9200e+02	5.9751e-08
1.9300e+02	5.9446e-08
1.9400e+02	5.9144e-08
1.9500e+02	5.8845e-08
1.9600e+02	5.8548e-08
1.9700e+02	5.8253e-08
1.9800e+02	5.7961e-08
1.9900e+02	5.7671e-08
2.0000e+02	5.7383e-08
2.0100e+02	5.7098e-08
2.0200e+02	5.6815e-08
2.0300e+02	5.6534e-08
2.0400e+02	5.6255e-08
2.0500e+02	5.5979e-08
2.0600e+02	5.5704e-08
2.0700e+02	5.5432e-08
2.0800e+02	5.5162e-08
2.0900e+02	5.4894e-08
2.1000e+02	5.4628e-08
2.1100e+02	5.4365e-08
2.1200e+02	5.4103e-08
2.1300e+02	5.3843e-08
2.1400e+02	5.3586e-08
2.1500e+02	5.3330e-08
2.1600e+02	5.3077e-08
2.1700e+02	5.2825e-08
2.1800e+02	5.2575e-08
2.1900e+02	5.2328e-08
2.2000e+02	5.2082e-08
2.2100e+02	5.1838e-08
2.2200e+02	5.1596e-08
2.2300e+02	5.1355e-08
2.2400e+02	5.1117e-08
2.2500e+02	5.0881e-08
2.2600e+02	5.0646e-08
2.2700e+02	5.0413e-08
2.2800e+02	5.0182e-08
2.2900e+02	4.9952e-08
2.3000e+02	4.9725e-08
2.3100e+02	4.9498e-08
2.3200e+02	4.9274e-08
2.3300e+02	4.9052e-08
2.3400e+02	4.8831e-08
2.3500e+02	4.8611e-08
2.3600e+02	4.8393e-08
2.3700e+02	4.8177e-08
2.3800e+02	4.7963e-08
2.3900e+02	4.7750e-08
2.4000e+02	4.7538e-08
2.4100e+02	4.7328e-08
2.4200e+02	4.7120e-08
2.4300e+02	4.6913e-08
2.4400e+02	4.6707e-08
2.4500e+02	4.6503e-08
2.4600e+02	4.6301e-08
2.4700e+02	4.6100e-08
2.4800e+02	4.5900e-08
2.4900e+02	4.5701e-08
2.5000e+02	4.5504e-08
2.5100e+02	4.5309e-08
2.5200e+02	4.5114e-08
2.5300e+02	4.4921e-08
2.5400e+02	4.4729e-08
2.5500e+02	4.4539e-08
2.5600e+02	4.4350e-08
2.5700e+02	4.4162e-08
2.5800e+02	4.3975e-08
2.5900e+02	4.3790e-08
2.6000e+02	4.3606e-08
2.6100e+02	4.3423e-08
2.6200e+02	4.3241e-08
2.6300e+02	4.3061e-08
2.6400e+02	4.2881e-08
2.6500e+02	4.2704e-08
2.6600e+02	4.2527e-08
2.6700e+02	4.2351e-08
2.6800e+02	4.2176e-08
2.6900e+02	4.2003e-08
2.7000e+02	4.1831e-08
2.7100e+02	4.1660e-08
2.7200e+02	4.1490e-08
2.7300e+02	4.1321e-08
2.7400e+02	4.1153e-08
2.7500e+02	4.0987e-08
2.7600e+02	4.0821e-08
2.7700e+02	4.0656e-08
2.7800e+02	4.0493e-08
2.7900e+02	4.0331e-08
2.8000e+02	4.0169e-08
2.8100e+02	4.0009e-08
2.8200e+02	3.9850e-08
2.8300e+02	3.9691e-08
2.8400e+02	3.9534e-08
2.8500e+02	3.9378e-08
2.8600e+02	3.9222e-08
2.8700e+02	3.9068e-08
2.8800e+02	3.8915e-08
2.8900e+02	3.8762e-08
2.9000e+02	3.8611e-08
2.9100e+02	3.8460e-08
2.9200e+02	3.8311e-08
2.9300e+02	3.8162e-08
2.9400e+02	3.8014e-08
2.9500e+02	3.7867e-08
2.9600e+02	3.7721e-08
2.9700e+02	3.7576e-08
2.9800e+02	3.7431e-08
2.9900e+02	3.7288e-08
3.0000e+02	3.7145e-08
3.0100e+02	3.7003e-08
3.0200e+02	3.6862e-08
3.0300e+02	3.6722e-08
3.0400e+02	3.6583e-08
3.0500e+02	3.6444e-08
3.0600e+02	3.6307e-08
3.0700e+02	3.6169e-08
3.0800e+02	3.6033e-08
3.0900e+02	3.5898e-08
3.1000e+02	3.5763e-08
3.1100e+02	3.5629e-08
3.1200e+02	3.5496e-08
3.1300e+02	3.5364e-08
3.1400e+02	3.5232e-08
3.1500e+02	3.5101e-08
3.1600e+02	3.4971e-08
3.1700e+02	3.4842e-08
3.1800e+02	3.4713e-08
3.1900e+02	3.4585e-08
3.2000e+02	3.4458e-08
3.2100e+02	3.4332e-08
3.2200e+02	3.4206e-08
3.2300e+02	3.4081e-08
3.2400e+02	3.3956e-08
3.2500e+02	3.3833e-08
3.2600e+02	3.3710e-08
3.2700e+02	3.3587e-08
3.2800e+02	3.3465e-08
3.2900e+02	3.3344e-08
3.3000e+02	3.3224e-08
3.3100e+02	3.3104e-08
3.3200e+02	3.2985e-08
3.3300e+02	3.2867e-08
3.3400e+02	3.2749e-08
3.3500e+02	3.2632e-08
3.3600e+02	3.2515e-08
3.3700e+02	3.2399e-08
3.3800e+02	3.2284e-08
3.3900e+02	3.2169e-08
3.4000e+02	3.2055e-08
3.4100e+02	3.1942e-08
3.4200e+02	3.1829e-08
3.4300e+02	3.1717e-08
3.4400e+02	3.1605e-08
3.4500e+02	3.1494e-08
3.4600e+02	3.1383e-08
3.4700e+02	3.1273e-08
3.4800e+02	3.1163e-08
3.4900e+02	3.1055e-08
3.5000e+02	3.0946e-08
3.5100e+02	3.0838e-08
3.5200e+02	3.0731e-08
3.5300e+02	3.0624e-08
3.5400e+02	3.0518e-08
3.5500e+02	3.0412e-08
3.5600e+02	3.0307e-08
3.5700e+02	3.0202e-08
3.5800e+02	3.0098e-08
3.5900e+02	2.9994e-08
3.6000e+02	2.9891e-08
3.6100e+02	2.9788e-08
3.6200e+02	2.9686e-08
3.6300e+02	2.9585e-08
3.6400e+02	2.9483e-08
3.6500e+02	2.9383e-08
3.6600e+02	2.9283e-08
3.6700e+02	2.9183e-08
3.6800e+02	2.9084e-08
3.6900e+02	2.8985e-08
3.7000e+02	2.8887e-08
3.7100e+02	2.8789e-08
3.7200e+02	2.8692e-08
3.7300e+02	2.8595e-08
3.7400e+02	2.8498e-08
3.7500e+02	2.8403e-08
3.7600e+02	2.8307e-08
3.7700e+02	2.8212e-08
3.7800e+02	2.8118e-08
3.7900e+02	2.8024e-08
3.8000e+02	2.7930e-08
3.8100e+02	2.7837e-08
3.8200e+02	2.7744e-08
3.8300e+02	2.7652e-08
3.8400e+02	2.7560e-08
3.8500e+02	2.7468e-08
3.8600e+02	2.7377e-08
3.8700e+02	2.7287e-08
3.8800e+02	2.7197e-08
3.8900e+02	2.7107e-08
3.9000e+02	2.7018e-08
3.9100e+02	2.6929e-08
3.9200e+02	2.6840e-08
3.9300e+02	2.6752e-08
3.9400e+02	2.6665e-08
3.9500e+02	2.6577e-08
3.9600e+02	2.6491e-08
3.9700e+02	2.6404e-08
3.9800e+02	2.6318e-08
3.9900e+02	2.6232e-08
4.0000e+02	2.6147e-08
4.0100e+02	2.6062e-08
4.0200e+02	2.5978e-08
4.0300e+02	2.5893e-08
4.0400e+02	2.5810e-08
4.0500e+02	2.5726e-08
4.0600e+02	2.5643e-08
4.0700e+02	2.5561e-08
4.0800e+02	2.5478e-08
4.0900e+02	2.5396e-08
4.1000e+02	2.5315e-08
4.1100e+02	2.5234e-08
4.1200e+02	2.5153e-08
4.1300e+02	2.5073e-08
4.1400e+02	2.4993e-08
4.1500e+02	2.4913e-08
4.1600e+02	2.4833e-08
4.1700e+02	2.4754e-08
4.1800e+02	2.4676e-08
4.1900e+02	2.4597e-08
4.2000e+02	2.4519e-08
4.2100e+02	2.4442e-08
4.2200e+02	2.4365e-08
4.2300e+02	2.4288e-08
4.2400e+02	2.4211e-08
4.2500e+02	2.4135e-08
4.2600e+02	2.4059e-08
4.2700e+02	2.3983e-08
4.2800e+02	2.3908e-08
4.2900e+02	2.3833e-08
4.3000e+02	2.3759e-08
4.3100e+02	2.3684e-08
4.3200e+02	2.3611e-08
4.3300e+02	2.3537e-08
4.3400e+02	2.3464e-08
4.3500e+02	2.3391e-08
4.3600e+02	2.3318e-08
4.3700e+02	2.3246e-08
4.3800e+02	2.3174e-08
4.3900e+02	2.3102e-08
4.4000e+02	2.3031e-08
4.4100e+02	2.2960e-08
4.4200e+02	2.2889e-08
4.4300e+02	2.2818e-08
4.4400e+02	2.2748e-08
4.4500e+02	2.2678e-08
4.4600e+02	2.2609e-08
4.4700e+02	2.2540e-08
4.4800e+02	2.2471e-08
4.4900e+02	2.2402e-08
4.5000e+02	2.2333e-08
4.5100e+02	2.2265e-08
4.5200e+02	2.2198e-08
4.5300e+02	2.2130e-08
4.5400e+02	2.2063e-08
4.5500e+02	2.1996e-08
4.5600e+02	2.1929e-08
4.5700e+02	2.1863e-08
4.5800e+02	2.1797e-08
4.5900e+02	2.1731e-08
4.6000e+02	2.1665e-08
4.6100e+02	2.1600e-08
4.6200e+02	2.1535e-08
4.6300e+02	2.1471e-08
4.6400e+02	2.1406e-08
4.6500e+02	2.1342e-08
4.6600e+02	2.1278e-08
4.6700e+02	2.1214e-08
4.6800e+02	2.1151e-08
4.6900e+02	2.1088e-08
4.7000e+02	2.1025e-08
4.7100e+02	2.0963e-08
4.7200e+02	2.0900e-08
4.7300e+02	2.0838e-08
4.7400e+02	2.0777e-08
4.7500e+02	2.0715e-08
4.7600e+02	2.0654e-08
4.7700e+02	2.0593e-08
4.7800e+02	2.0532e-08
4.7900e+02	2.0472e-08
4.8000e+02	2.0412e-08
4.8100e+02	2.0351e-08
4.8200e+02	2.0292e-08
4.8300e+02	2.0232e-08
4.8400e+02	2.0173e-08
4.8500e+02	2.0114e-08
4.8600e+02	2.0056e-08
4.8700e+02	1.9997e-08
4.8800e+02	1.9939e-08
4.8900e+02	1.9881e-08
4.9000e+02	1.9823e-08
4.9100e+02	1.9766e-08
4.9200e+02	1.9708e-08
4.9300e+02	1.9651e-08
4.9400e+02	1.9595e-08
4.9500e+02	1.9538e-08
4.9600e+02	1.9482e-08
4.9700e+02	1.9426e-08
4.9800e+02	1.9370e-08
4.9900e+02	1.9314e-08
5.0000e+02	1.9259e-08
5.0100e+02	1.9204e-08
5.0200e+02	1.9149e-08
5.0300e+02	1.9094e-08
5.0400e+02	1.9040e-08
5.0500e+02	1.8986e-08
5.0600e+02	1.8931e-08
5.0700e+02	1.8878e-08
5.0800e+02	1.8824e-08
5.0900e+02	1.8771e-08
5.1000e+02	1.8718e-08
5.1100e+02	1.8665e-08
5.1200e+02	1.8612e-08
5.1300e+02	1.8560e-08
5.1400e+02	1.8507e-08
5.1500e+02	1.8455e-08
5.1600e+02	1.8404e-08
5.1700e+02	1.8352e-08
5.1800e+02	1.8301e-08
5.1900e+02	1.8249e-08
5.2000e+02	1.8198e-08
5.2100e+02	1.8148e-08
5.2200e+02	1.8097e-08
5.2300e+02	1.8047e-08
5.2400e+02	1.7997e-08
5.2500e+02	1.7947e-08
5.2600e+02	1.7897e-08
5.2700e+02	1.7847e-08
5.2800e+02	1.7798e-08
5.2900e+02	1.7749e-08
5.3000e+02	1.7700e-08
5.3100e+02	1.7651e-08
5.3200e+02	1.7603e-08
5.3300e+02	1.7554e-08
5.3400e+02	1.7506e-08
5.3500e+02	1.7458e-08
5.3600e+02	1.7411e-08
5.3700e+02	1.7363e-08
5.3800e+02	1.7316e-08
5.3900e+02	1.7269e-08
5.4000e+02	1.7221e-08
5.4100e+02	1.7175e-08
5.4200e+02	1.7128e-08
5.4300e+02	1.7082e-08
5.4400e+02	1.7035e-08
5.4500e+02	1.6989e-08
5.4600e+02	1.6943e-08
5.4700e+02	1.6898e-08
5.4800e+02	1.6852e-08
5.4900e+02	1.6807e-08
5.5000e+02	1.6762e-08
5.5100e+02	1.6717e-08
5.5200e+02	1.6672e-08
5.5300e+02	1.6627e-08
5.5400e+02	1.6583e-08
5.5500e+02	1.6539e-08
5.5600e+02	1.6494e-08
5.5700e+02	1.6451e-08
5.5800e+02	1.6407e-08
5.5900e+02	1.6363e-08
5.6000e+02	1.6320e-08
5.6100e+02	1.6277e-08
5.6200e+02	1.6234e-08
5.6300e+02	1.6191e-08
5.6400e+02	1.6148e-08
5.6500e+02	1.6106e-08
5.6600e+02	1.6063e-08
5.6700e+02	1.6021e-08
5.6800e+02	1.5979e-08
5.6900e+02	1.5937e-08
5.7000e+02	1.5895e-08
5.7100e+02	1.5854e-08
5.7200e+02	1.5812e-08
5.7300e+02	1.5771e-08
5.7400e+02	1.5730e-08
5.7500e+02	1.5689e-08
5.7600e+02	1.5648e-08
5.7700e+02	1.5608e-08
5.7800e+02	1.5568e-08
5.7900e+02	1.5527e-08
5.8000e+02	1.5487e-08
5.8100e+02	1.5447e-08
5.8200e+02	1.5408e-08
5.8300e+02	1.5368e-08
5.8400e+02	1.5329e-08
5.8500e+02	1.5289e-08
5.8600e+02	1.5250e-08
5.8700e+02	1.5211e-08
5.8800e+02	1.5172e-08
5.8900e+02	1.5134e-08
5.9000e+02	1.5095e-08
5.9100e+02	1.5057e-08
5.9200e+02	1.5019e-08
5.9300e+02	1.4981e-08
5.9400e+02	1.4943e-08
5.9500e+02	1.4905e-08
5.9600e+02	1.4868e-08
5.9700e+02	1.4830e-08
5.9800e+02	1.4793e-08
5.9900e+02	1.4756e-08
6.0000e+02	1.4719e-08
6.0100e+02	1.4682e-08
6.0200e+02	1.4645e-08
6.0300e+02	1.4609e-08
6.0400e+02	1.4572e-08
6.0500e+02	1.4536e-08
6.0600e+02	1.4500e-08
6.0700e+02	1.4464e-08
6.0800e+02	1.4428e-08
6.0900e+02	1.4392e-08
6.1000e+02	1.4357e-08
6.1100e+02	1.4321e-08
6.1200e+02	1.4286e-08
6.1300e+02	1.4251e-08
6.1400e+02	1.4216e-08
6.1500e+02	1.4181e-08
6.1600e+02	1.4147e-08
6.1700e+02	1.4112e-08
6.1800e+02	1.4078e-08
6.1900e+02	1.4043e-08
6.2000e+02	1.4009e-08
6.2100e+02	1.3975e-08
6.2200e+02	1.3941e-08
6.2300e+02	1.3908e-08
6.2400e+02	1.3874e-08
6.2500e+02	1.3840e-08
6.2600e+02	1.3807e-08
6.2700e+02	1.3774e-08
6.2800e+02	1.3741e-08
6.2900e+02	1.3708e-08
6.3000e+02	1.3675e-08
6.3100e+02	1.3642e-08
6.3200e+02	1.3609e-08
6.3300e+02	1.3577e-08
6.3400e+02	1.3545e-08
6.3500e+02	1.3512e-08
6.3600e+02	1.3480e-08
6.3700e+02	1.3448e-08
6.3800e+02	1.3417e-08
6.3900e+02	1.3385e-08
6.4000e+02	1.3353e-08
6.4100e+02	1.3322e-08
6.4200e+02	1.3290e-08
6.4300e+02	1.3259e-08
6.4400e+02	1.3228e-08
6.4500e+02	1.3197e-08
6.4600e+02	1.3166e-08
6.4700e+02	1.3135e-08
6.4800e+02	1.3105e-08
6.4900e+02	1.3074e-08
6.5000e+02	1.3044e-08
6.5100e+02	1.3013e-08
6.5200e+02	1.2983e-08
6.5300e+02	1.2953e-08
6.5400e+02	1.2923e-08
6.5500e+02	1.2893e-08
6.5600e+02	1.2863e-08
6.5700e+02	1.2834e-08
6.5800e+02	1.2804e-08
6.5900e+02	1.2774e-08
6.6000e+02	1.2745e-08
6.6100e+02	1.2716e-08
6.6200e+02	1.2687e-08
6.6300e+02	1.2658e-08
6.6400e+02	1.2629e-08
6.6500e+02	1.2600e-08
6.6600e+02	1.2571e-08
6.6700e+02	1.2543e-08
6.6800e+02	1.2514e-08
6.6900e+02	1.2486e-08
6.7000e+02	1.2457e-08
6.7100e+02	1.2429e-08
6.7200e+02	1.2401e-08
6.7300e+02	1.2373e-08
6.7400e+02	1.2345e-08
6.7500e+02	1.2317e-08
6.7600e+02	1.2290e-08
6.7700e+02	1.2262e-08
6.7800e+02	1.2235e-08
6.7900e+02	1.2207e-08
6.8000e+02	1.2180e-08
6.8100e+02	1.2153e-08
6.8200e+02	1.2126e-08
6.8300e+02	1.2099e-08
6.8400e+02	1.2072e-08
6.8500e+02	1.2045e-08
6.8600e+02	1.2018e-08
6.8700e+02	1.1992e-08
6.8800e+02	1.1965e-08
6.8900e+02	1.1939e-08
6.9000e+02	1.1912e-08
6.9100e+02	1.1886e-08
6.9200e+02	1.1860e-08
6.9300e+02	1.1834e-08
6.9400e+02	1.1808e-08
6.9500e+02	1.1782e-08
6.9600e+02	1.1757e-08
6.9700e+02	1.1731e-08
6.9800e+02	1.1705e-08
6.9900e+02	1.1680e-08
7.0000e+02	1.1654e-08
7.0100e+02	1.1629e-08
7.0200e+02	1.1604e-08
7.0300e+02	1.1579e-08
7.0400e+02	1.1553e-08
7.0500e+02	1.1528e-08
7.0600e+02	1.1504e-08
7.0700e+02	1.1479e-08
7.0800e+02	1.1454e-08
7.0900e+02	1.1429e-08
7.1000e+02	1.1405e-08
7.1100e+02	1.1381e-08
7.1200e+02	1.1356e-08
7.1300e+02	1.1332e-08
7.1400e+02	1.1308e-08
7.1500e+02	1.1283e-08
7.1600e+02	1.1259e-08
7.1700e+02	1.1235e-08
7.1800e+02	1.1212e-08
7.1900e+02	1.1188e-08
7.2000e+02	1.1164e-08
7.2100e+02	1.1140e-08
7.2200e+02	1.1117e-08
7.2300e+02	1.1093e-08
7.2400e+02	1.1070e-08
7.2500e+02	1.1047e-08
7.2600e+02	1.1023e-08
7.2700e+02	1.1000e-08
7.2800e+02	1.0977e-08
7.2900e+02	1.0954e-08
7.3000e+02	1.0931e-08
7.3100e+02	1.0908e-08
7.3200e+02	1.0886e-08
7.3300e+02	1.0863e-08
7.3400e+02	1.0840e-08
7.3500e+02	1.0818e-08
7.3600e+02	1.0795e-08
7.3700e+02	1.0773e-08
7.3800e+02	1.0750e-08
7.3900e+02	1.0728e-08
7.4000e+02	1.0706e-08
7.4100e+02	1.0684e-08
7.4200e+02	1.0662e-08
7.4300e+02	1.0640e-08
7.4400e+02	1.0618e-08
7.4500e+02	1.0596e-08
7.4600e+02	1.0575e-08
7.4700e+02	1.0553e-08
7.4800e+02	1.0531e-08
7.4900e+02	1.0510e-08
7.5000e+02	1.0488e-08
7.5100e+02	1.0467e-08
7.5200e+02	1.0446e-08
7.5300e+02	1.0424e-08
7.5400e+02	1.0403e-08
7.5500e+02	1.0382e-08
7.5600e+02	1.0361e-08
7.5700e+02	1.0340e-08
7.5800e+02	1.0319e-08
7.5900e+02	1.0298e-08
7.6000e+02	1.0277e-08
7.6100e+02	1.0257e-08
7.6200e+02	1.0236e-08
7.6300e+02	1.0215e-08
7.6400e+02	1.0195e-08
7.6500e+02	1.0174e-08
7.6600e+02	1.0154e-08
7.6700e+02	1.0134e-08
7.6800e+02	1.0113e-08
7.6900e+02	1.0093e-08
7.7000e+02	1.0073e-08
7.7100e+02	1.0053e-08
7.7200e+02	1.0033e-08
7.7300e+02	1.0013e-08
7.7400e+02	9.9930e-09
7.7500e+02	9.9731e-09
7.7600e+02	9.9534e-09
7.7700e+02	9.9337e-09
7.7800e+02	9.9140e-09
7.7900e+02	9.8944e-09
7.8000e+02	9.8749e-09
7.8100e+02	9.8554e-09
7.8200e+02	9.8360e-09
7.8300e+02	9.8167e-09
7.8400e+02	9.7974e-09
7.8500e+02	9.7781e-09
7.8600e+02	9.7590e-09
7.8700e+02	9.7398e-09
7.8800e+02	9.7208e-09
7.8900e+02	9.7018e-09
7.9000e+02	9.6828e-09
7.9100e+02	9.6640e-09
7.9200e+02	9.6451e-09
7.9300e+02	9.6264e-09
7.9400e+02	9.6076e-09
7.9500e+02	9.5890e-09
7.9600e+02	9.5704e-09
7.9700e+02	9.5518e-09
7.9800e+02	9.5333e-09
7.9900e+02	9.5149e-09
8.0000e+02	9.4965e-09
8.0100e+02	9.4782e-09
8.0200e+02	9.4599e-09
8.0300e+02	9.4417e-09
8.0400e+02	9.4235e-09
8.0500e+02	9.4054e-09
8.0600e+02	9.3873e-09
8.0700e+02	9.3693e-09
8.0800e+02	9.3514e-09
8.0900e+02	9.3335e-09
8.1000e+02	9.3156e-09
8.1100e+02	9.2978e-09
8.1200e+02	9.2801e-09
8.1300e+02	9.2624e-09
8.1400e+02	9.2447e-09
8.1500e+02	9.2271e-09
8.1600e+02	9.2096e-09
8.1700e+02	9.1921e-09
8.1800e+02	9.1747e-09
8.1900e+02	9.1573e-09
8.2000e+02	9.1399e-09
8.2100e+02	9.1226e-09
8.2200e+02	9.1054e-09
8.2300e+02	9.0882e-09
8.2400e+02	9.0711e-09
8.2500e+02	9.0540e-09
8.2600e+02	9.0369e-09
8.2700e+02	9.0199e-09
8.2800e+02	9.0030e-09
8.2900e+02	8.9861e-09
8.3000e+02	8.9692e-09
8.3100e+02	8.9524e-09
8.3200e+02	8.9357e-09
8.3300e+02	8.9190e-09
8.3400e+02	8.9023e-09
8.3500e+02	8.8857e-09
8.3600e+02	8.8691e-09
8.3700e+02	8.8526e-09
8.3800e+02	8.8361e-09
8.3900e+02	8.8197e-09
8.4000e+02	8.8033e-09
8.4100e+02	8.7870e-09
8.4200e+02	8.7707e-09
8.4300e+02	8.7545e-09
8.4400e+02	8.7383e-09
8.4500e+02	8.7221e-09
8.4600e+02	8.7060e-09
8.4700e+02	8.6899e-09
8.4800e+02	8.6739e-09
8.4900e+02	8.6579e-09
8.5000e+02	8.6420e-09
8.5100e+02	8.6261e-09
8.5200e+02	8.6103e-09
8.5300e+02	8.5945e-09
8.5400e+02	8.5787e-09
8.5500e+02	8.5630e-09
8.5600e+02	8.5473e-09
8.5700e+02	8.5317e-09
8.5800e+02	8.5161e-09
8.5900e+02	8.5005e-09
8.6000e+02	8.4850e-09
8.6100e+02	8.4696e-09
8.6200e+02	8.4542e-09
8.6300e+02	8.4388e-09
8.6400e+02	8.4234e-09
8.6500e+02	8.4081e-09
8.6600e+02	8.3929e-09
8.6700e+02	8.3777e-09
8.6800e+02	8.3625e-09
8.6900e+02	8.3474e-09
8.7000e+02	8.3323e-09
8.7100e+02	8.3172e-09
8.7200e+02	8.3022e-09
8.7300e+02	8.2873e-09
8.7400e+02	8.2723e-09
8.7500e+02	8.2574e-09
8.7600e+02	8.2426e-09
8.7700e+02	8.2278e-09
8.7800e+02	8.2130e-09
8.7900e+02	8.1983e-09
8.8000e+02	8.1836e-09
8.8100e+02	8.1689e-09
8.8200e+02	8.1543e-09
8.8300e+02	8.1397e-09
8.8400e+02	8.1252e-09
8.8500e+02	8.1107e-09
8.8600e+02	8.0962e-09
8.8700e+02	8.0818e-09
8.8800e+02	8.0674e-09
8.8900e+02	8.0531e-09
8.9000e+02	8.0388e-09
8.9100e+02	8.0245e-09
8.9200e+02	8.0103e-09
8.9300e+02	7.9961e-09
8.9400e+02	7.9819e-09
8.9500e+02	7.9678e-09
8.9600e+02	7.9537e-09
8.9700e+02	7.9396e-09
8.9800e+02	7.9256e-09
8.9900e+02	7.9117e-09
9.0000e+02	7.8977e-09
9.0100e+02	7.8838e-09
9.0200e+02	7.8699e-09
9.0300e+02	7.8561e-09
9.0400e+02	7.8423e-09
9.0500e+02	7.8285e-09
9.0600e+02	7.8148e-09
9.0700e+02	7.8011e-09
9.0800e+02	7.7875e-09
9.0900e+02	7.7738e-09
9.1000e+02	7.7602e-09
9.1100e+02	7.7467e-09
9.1200e+02	7.7332e-09
9.1300e+02	7.7197e-09
9.1400e+02	7.7062e-09
9.1500e+02	7.6928e-09
9.1600e+02	7.6795e-09
9.1700e+02	7.6661e-09
9.1800e+02	7.6528e-09
9.1900e+02	7.6395e-09
9.2000e+02	7.6263e-09
9.2100e+02	7.6131e-09
9.2200e+02	7.5999e-09
9.2300e+02	7.5868e-09
9.2400e+02	7.5736e-09
9.2500e+02	7.5606e-09
9.2600e+02	7.5475e-09
9.2700e+02	7.5345e-09
9.2800e+02	7.5215e-09
9.2900e+02	7.5086e-09
9.3000e+02	7.4957e-09
9.3100e+02	7.4828e-09
9.3200e+02	7.4699e-09
9.3300e+02	7.4571e-09
9.3400e+02	7.4444e-09
9.3500e+02	7.4316e-09
9.3600e+02	7.4189e-09
9.3700e+02	7.4062e-09
9.3800e+02	7.3935e-09
9.3900e+02	7.3809e-09
9.4000e+02	7.3683e-09
9.4100e+02	7.3558e-09
9.4200e+02	7.3432e-09
9.4300e+02	7.3307e-09
9.4400e+02	7.3183e-09
9.4500e+02	7.3058e-09
9.4600e+02	7.2934e-09
9.4700e+02	7.2811e-09
9.4800e+02	7.2687e-09
9.4900e+02	7.2564e-09
9.5000e+02	7.2441e-09
9.5100e+02	7.2319e-09
9.5200e+02	7.2197e-09
9.5300e+02	7.2075e-09
9.5400e+02	7.1953e-09
9.5500e+02	7.1832e-09
9.5600e+02	7.1711e-09
9.5700e+02	7.1590e-09
9.5800e+02	7.1470e-09
9.5900e+02	7.1349e-09
9.6000e+02	7.1230e-09
9.6100e+02	7.1110e-09
9.6200e+02	7.0991e-09
9.6300e+02	7.0872e-09
9.6400e+02	7.0753e-09
9.6500e+02	7.0635e-09
9.6600e+02	7.0517e-09
9.6700e+02	7.0399e-09
9.6800e+02	7.0282e-09
9.6900e+02	7.0165e-09
9.7000e+02	7.0048e-09
9.7100e+02	6.9931e-09
9.7200e+02	6.9815e-09
9.7300e+02	6.9699e-09
9.7400e+02	6.9583e-09
9.7500e+02	6.9467e-09
9.7600e+02	6.9352e-09
9.7700e+02	6.9237e-09
9.7800e+02	6.9123e-09
9.7900e+02	6.9009e-09
9.8000e+02	6.8894e-09
9.8100e+02	6.8781e-09
9.8200e+02	6.8667e-09
9.8300e+02	6.8554e-09
9.8400e+02	6.8441e-09
9.8500e+02	6.8328e-09
9.8600e+02	6.8216e-09
9.8700e+02	6.8104e-09
9.8800e+02	6.7992e-09
9.8900e+02	6.7880e-09
9.9000e+02	6.7769e-09
9.9100e+02	6.7658e-09
9.9200e+02	6.7547e-09
9.9300e+02	6.7437e-09
9.9400e+02	6.7326e-09
9.9500e+02	6.7216e-09
9.9600e+02	6.7107e-09
9.9700e+02	6.6997e-09
9.9800e+02	6.6888e-09
9.9900e+02	6.6779e-09
1.0000e+03	6.6671e-09
1.0010e+03	6.6562e-09
1.0020e+03	6.6454e-09
1.0030e+03	6.6346e-09
1.0040e+03	6.6239e-09
1.0050e+03	6.6131e-09
1.0060e+03	6.6024e-09
1.0070e+03	6.5917e-09
1.0080e+03	6.5811e-09
1.0090e+03	6.5704e-09
1.0100e+03	6.5598e-09
1.0110e+03	6.5493e-09
1.0120e+03	6.5387e-09
1.0130e+03	6.5282e-09
1.0140e+03	6.5177e-09
1.0150e+03	6.5072e-09
1.0160e+03	6.4967e-09
1.0170e+03	6.4863e-09
1.0180e+03	6.4759e-09
1.0190e+03	6.4655e-09
1.0200e+03	6.4552e-09
1.0210e+03	6.4448e-09
1.0220e+03	6.4345e-09
1.0230e+03	6.4243e-09
1.0240e+03	6.4140e-09
