# L	D_L^MCN0
0.0000e+00	0.0000e+00
1.0000e+00	0.0000e+00
2.0000e+00	4.2767e-07
3.0000e+00	4.0560e-07
4.0000e+00	3.5169e-07
5.0000e+00	2.6680e-07
6.0000e+00	2.4358e-07
7.0000e+00	2.4480e-07
8.0000e+00	2.3049e-07
9.0000e+00	2.2833e-07
1.0000e+01	2.3518e-07
1.1000e+01	2.1731e-07
1.2000e+01	2.1230e-07
1.3000e+01	2.0672e-07
1.4000e+01	2.1986e-07
1.5000e+01	2.0267e-07
1.6000e+01	2.0701e-07
1.7000e+01	2.0648e-07
1.8000e+01	2.0899e-07
1.9000e+01	2.0094e-07
2.0000e+01	1.9385e-07
2.1000e+01	1.9161e-07
2.2000e+01	1.9118e-07
2.3000e+01	2.0902e-07
2.4000e+01	2.0069e-07
2.5000e+01	2.0818e-07
2.6000e+01	1.9596e-07
2.7000e+01	1.9442e-07
2.8000e+01	2.0427e-07
2.9000e+01	1.9238e-07
3.0000e+01	1.9587e-07
3.1000e+01	1.9708e-07
3.2000e+01	1.9928e-07
3.3000e+01	1.9156e-07
3.4000e+01	1.9208e-07
3.5000e+01	1.9124e-07
3.6000e+01	1.9570e-07
3.7000e+01	1.9510e-07
3.8000e+01	1.9321e-07
3.9000e+01	1.9581e-07
4.0000e+01	1.9539e-07
4.1000e+01	1.9907e-07
4.2000e+01	1.8283e-07
4.3000e+01	2.0574e-07
4.4000e+01	1.9370e-07
4.5000e+01	2.0260e-07
4.6000e+01	1.8881e-07
4.7000e+01	1.9183e-07
4.8000e+01	1.8684e-07
4.9000e+01	1.9410e-07
5.0000e+01	1.9263e-07
5.1000e+01	1.8852e-07
5.2000e+01	1.8723e-07
5.3000e+01	1.8336e-07
5.4000e+01	1.9497e-07
5.5000e+01	1.9174e-07
5.6000e+01	1.9051e-07
5.7000e+01	1.8687e-07
5.8000e+01	1.8503e-07
5.9000e+01	1.9022e-07
6.0000e+01	1.8667e-07
6.1000e+01	1.8863e-07
6.2000e+01	1.9203e-07
6.3000e+01	1.8960e-07
6.4000e+01	1.9204e-07
6.5000e+01	1.8164e-07
6.6000e+01	1.9287e-07
6.7000e+01	1.8785e-07
6.8000e+01	1.9284e-07
6.9000e+01	1.8791e-07
7.0000e+01	1.8200e-07
7.1000e+01	1.8570e-07
7.2000e+01	1.8531e-07
7.3000e+01	1.8177e-07
7.4000e+01	1.8378e-07
7.5000e+01	1.8069e-07
7.6000e+01	1.8479e-07
7.7000e+01	1.8666e-07
7.8000e+01	1.8405e-07
7.9000e+01	1.8493e-07
8.0000e+01	1.7775e-07
8.1000e+01	1.8060e-07
8.2000e+01	1.8202e-07
8.3000e+01	1.8712e-07
8.4000e+01	1.8166e-07
8.5000e+01	1.8441e-07
8.6000e+01	1.8461e-07
8.7000e+01	1.8032e-07
8.8000e+01	1.7794e-07
8.9000e+01	1.7722e-07
9.0000e+01	1.8141e-07
9.1000e+01	1.7865e-07
9.2000e+01	1.7861e-07
9.3000e+01	1.8314e-07
9.4000e+01	1.8273e-07
9.5000e+01	1.7727e-07
9.6000e+01	1.7941e-07
9.7000e+01	1.7393e-07
9.8000e+01	1.7710e-07
9.9000e+01	1.7837e-07
1.0000e+02	1.7785e-07
1.0100e+02	1.7684e-07
1.0200e+02	1.7481e-07
1.0300e+02	1.8165e-07
1.0400e+02	1.7995e-07
1.0500e+02	1.7739e-07
1.0600e+02	1.7709e-07
1.0700e+02	1.7798e-07
1.0800e+02	1.7354e-07
1.0900e+02	1.7744e-07
1.1000e+02	1.7949e-07
1.1100e+02	1.7803e-07
1.1200e+02	1.7682e-07
1.1300e+02	1.7657e-07
1.1400e+02	1.7725e-07
1.1500e+02	1.7666e-07
1.1600e+02	1.7657e-07
1.1700e+02	1.7309e-07
1.1800e+02	1.7343e-07
1.1900e+02	1.7536e-07
1.2000e+02	1.7627e-07
1.2100e+02	1.7725e-07
1.2200e+02	1.7450e-07
1.2300e+02	1.7263e-07
1.2400e+02	1.7604e-07
1.2500e+02	1.7441e-07
1.2600e+02	1.7518e-07
1.2700e+02	1.7304e-07
1.2800e+02	1.7362e-07
1.2900e+02	1.7357e-07
1.3000e+02	1.7034e-07
1.3100e+02	1.6801e-07
1.3200e+02	1.7204e-07
1.3300e+02	1.6446e-07
1.3400e+02	1.7320e-07
1.3500e+02	1.7191e-07
1.3600e+02	1.6887e-07
1.3700e+02	1.7150e-07
1.3800e+02	1.7562e-07
1.3900e+02	1.7079e-07
1.4000e+02	1.6994e-07
1.4100e+02	1.6851e-07
1.4200e+02	1.6951e-07
1.4300e+02	1.7287e-07
1.4400e+02	1.7044e-07
1.4500e+02	1.6805e-07
1.4600e+02	1.7030e-07
1.4700e+02	1.6861e-07
1.4800e+02	1.7067e-07
1.4900e+02	1.6840e-07
1.5000e+02	1.6768e-07
1.5100e+02	1.6292e-07
1.5200e+02	1.6961e-07
1.5300e+02	1.7318e-07
1.5400e+02	1.7020e-07
1.5500e+02	1.7128e-07
1.5600e+02	1.6951e-07
1.5700e+02	1.7095e-07
1.5800e+02	1.6906e-07
1.5900e+02	1.6560e-07
1.6000e+02	1.6682e-07
1.6100e+02	1.6693e-07
1.6200e+02	1.7133e-07
1.6300e+02	1.7085e-07
1.6400e+02	1.6962e-07
1.6500e+02	1.6598e-07
1.6600e+02	1.6518e-07
1.6700e+02	1.6585e-07
1.6800e+02	1.6704e-07
1.6900e+02	1.6742e-07
1.7000e+02	1.6616e-07
1.7100e+02	1.6923e-07
1.7200e+02	1.6252e-07
1.7300e+02	1.6890e-07
1.7400e+02	1.6489e-07
1.7500e+02	1.6383e-07
1.7600e+02	1.6409e-07
1.7700e+02	1.6578e-07
1.7800e+02	1.6607e-07
1.7900e+02	1.6755e-07
1.8000e+02	1.6477e-07
1.8100e+02	1.6499e-07
1.8200e+02	1.6631e-07
1.8300e+02	1.6664e-07
1.8400e+02	1.6541e-07
1.8500e+02	1.6385e-07
1.8600e+02	1.6399e-07
1.8700e+02	1.6556e-07
1.8800e+02	1.6675e-07
1.8900e+02	1.6701e-07
1.9000e+02	1.7021e-07
1.9100e+02	1.6694e-07
1.9200e+02	1.6560e-07
1.9300e+02	1.6521e-07
1.9400e+02	1.6952e-07
1.9500e+02	1.6417e-07
1.9600e+02	1.6403e-07
1.9700e+02	1.6600e-07
1.9800e+02	1.6495e-07
1.9900e+02	1.6855e-07
2.0000e+02	1.6888e-07
2.0100e+02	1.6663e-07
2.0200e+02	1.6616e-07
2.0300e+02	1.6754e-07
2.0400e+02	1.6684e-07
2.0500e+02	1.6586e-07
2.0600e+02	1.6749e-07
2.0700e+02	1.6889e-07
2.0800e+02	1.6464e-07
2.0900e+02	1.6721e-07
2.1000e+02	1.6643e-07
2.1100e+02	1.6771e-07
2.1200e+02	1.6536e-07
2.1300e+02	1.6783e-07
2.1400e+02	1.6477e-07
2.1500e+02	1.6620e-07
2.1600e+02	1.6433e-07
2.1700e+02	1.6865e-07
2.1800e+02	1.7028e-07
2.1900e+02	1.6998e-07
2.2000e+02	1.6810e-07
2.2100e+02	1.6647e-07
2.2200e+02	1.7080e-07
2.2300e+02	1.6881e-07
2.2400e+02	1.6852e-07
2.2500e+02	1.6947e-07
2.2600e+02	1.7368e-07
2.2700e+02	1.7052e-07
2.2800e+02	1.7063e-07
2.2900e+02	1.7270e-07
2.3000e+02	1.7341e-07
2.3100e+02	1.7561e-07
2.3200e+02	1.7542e-07
2.3300e+02	1.7483e-07
2.3400e+02	1.7289e-07
2.3500e+02	1.7040e-07
2.3600e+02	1.6975e-07
2.3700e+02	1.7467e-07
2.3800e+02	1.7454e-07
2.3900e+02	1.7229e-07
2.4000e+02	1.7576e-07
2.4100e+02	1.7332e-07
2.4200e+02	1.7765e-07
2.4300e+02	1.8055e-07
2.4400e+02	1.7652e-07
2.4500e+02	1.7885e-07
2.4600e+02	1.7528e-07
2.4700e+02	1.7720e-07
2.4800e+02	1.7774e-07
2.4900e+02	1.7559e-07
2.5000e+02	1.8169e-07
2.5100e+02	1.8135e-07
2.5200e+02	1.8128e-07
2.5300e+02	1.8152e-07
2.5400e+02	1.8080e-07
2.5500e+02	1.8138e-07
2.5600e+02	1.8207e-07
2.5700e+02	1.8175e-07
2.5800e+02	1.8335e-07
2.5900e+02	1.8658e-07
2.6000e+02	1.8492e-07
2.6100e+02	1.8324e-07
2.6200e+02	1.8804e-07
2.6300e+02	1.8463e-07
2.6400e+02	1.8986e-07
2.6500e+02	1.8396e-07
2.6600e+02	1.9257e-07
2.6700e+02	1.9081e-07
2.6800e+02	1.9487e-07
2.6900e+02	1.8912e-07
2.7000e+02	1.9527e-07
2.7100e+02	1.9237e-07
2.7200e+02	1.9577e-07
2.7300e+02	1.9459e-07
2.7400e+02	1.9830e-07
2.7500e+02	1.9556e-07
2.7600e+02	2.0071e-07
2.7700e+02	1.9700e-07
2.7800e+02	1.9968e-07
2.7900e+02	2.0126e-07
2.8000e+02	1.9703e-07
2.8100e+02	2.0449e-07
2.8200e+02	2.0238e-07
2.8300e+02	2.0442e-07
2.8400e+02	2.0636e-07
2.8500e+02	2.0910e-07
2.8600e+02	2.0558e-07
2.8700e+02	2.0488e-07
2.8800e+02	2.0655e-07
2.8900e+02	2.1470e-07
2.9000e+02	2.1174e-07
2.9100e+02	2.1581e-07
2.9200e+02	2.1321e-07
2.9300e+02	2.1796e-07
2.9400e+02	2.1615e-07
2.9500e+02	2.1812e-07
2.9600e+02	2.1965e-07
2.9700e+02	2.2172e-07
2.9800e+02	2.2470e-07
2.9900e+02	2.1907e-07
3.0000e+02	2.2700e-07
3.0100e+02	2.2651e-07
3.0200e+02	2.2764e-07
3.0300e+02	2.2865e-07
3.0400e+02	2.3104e-07
3.0500e+02	2.3272e-07
3.0600e+02	2.3488e-07
3.0700e+02	2.3323e-07
3.0800e+02	2.3466e-07
3.0900e+02	2.3512e-07
3.1000e+02	2.4180e-07
3.1100e+02	2.3756e-07
3.1200e+02	2.4139e-07
3.1300e+02	2.4809e-07
3.1400e+02	2.4631e-07
3.1500e+02	2.4494e-07
3.1600e+02	2.4788e-07
3.1700e+02	2.5061e-07
3.1800e+02	2.5715e-07
3.1900e+02	2.4654e-07
3.2000e+02	2.5336e-07
3.2100e+02	2.6077e-07
3.2200e+02	2.6007e-07
3.2300e+02	2.5931e-07
3.2400e+02	2.6204e-07
3.2500e+02	2.6193e-07
3.2600e+02	2.7318e-07
3.2700e+02	2.7002e-07
3.2800e+02	2.7554e-07
3.2900e+02	2.7025e-07
3.3000e+02	2.7522e-07
3.3100e+02	2.7909e-07
3.3200e+02	2.8047e-07
3.3300e+02	2.8541e-07
3.3400e+02	2.8236e-07
3.3500e+02	2.8659e-07
3.3600e+02	2.8497e-07
3.3700e+02	2.8987e-07
3.3800e+02	2.9546e-07
3.3900e+02	2.9446e-07
3.4000e+02	2.9394e-07
3.4100e+02	2.9814e-07
3.4200e+02	3.1044e-07
3.4300e+02	3.0726e-07
3.4400e+02	3.1054e-07
3.4500e+02	3.0323e-07
3.4600e+02	3.1404e-07
3.4700e+02	3.2178e-07
3.4800e+02	3.2590e-07
3.4900e+02	3.2224e-07
3.5000e+02	3.2527e-07
3.5100e+02	3.1562e-07
3.5200e+02	3.2806e-07
3.5300e+02	3.2827e-07
3.5400e+02	3.3648e-07
3.5500e+02	3.3910e-07
3.5600e+02	3.4099e-07
3.5700e+02	3.4661e-07
3.5800e+02	3.5249e-07
3.5900e+02	3.5386e-07
3.6000e+02	3.4826e-07
3.6100e+02	3.5669e-07
3.6200e+02	3.5083e-07
3.6300e+02	3.6164e-07
3.6400e+02	3.6432e-07
3.6500e+02	3.6366e-07
3.6600e+02	3.7887e-07
3.6700e+02	3.7844e-07
3.6800e+02	3.8643e-07
3.6900e+02	3.8986e-07
3.7000e+02	3.9184e-07
3.7100e+02	3.9270e-07
3.7200e+02	3.9947e-07
3.7300e+02	4.0206e-07
3.7400e+02	3.9120e-07
3.7500e+02	4.0533e-07
3.7600e+02	3.9958e-07
3.7700e+02	4.0376e-07
3.7800e+02	4.2163e-07
3.7900e+02	4.1987e-07
3.8000e+02	4.3035e-07
3.8100e+02	4.2643e-07
3.8200e+02	4.3639e-07
3.8300e+02	4.2386e-07
3.8400e+02	4.4193e-07
3.8500e+02	4.2569e-07
3.8600e+02	4.4105e-07
3.8700e+02	4.4195e-07
3.8800e+02	4.4670e-07
3.8900e+02	4.6120e-07
3.9000e+02	4.6605e-07
3.9100e+02	4.6231e-07
3.9200e+02	4.6316e-07
3.9300e+02	4.5889e-07
3.9400e+02	4.7482e-07
3.9500e+02	4.9279e-07
3.9600e+02	4.7382e-07
3.9700e+02	4.9323e-07
3.9800e+02	4.8267e-07
3.9900e+02	5.0923e-07
4.0000e+02	4.9270e-07
4.0100e+02	5.0728e-07
4.0200e+02	4.9671e-07
4.0300e+02	5.0299e-07
4.0400e+02	5.0519e-07
4.0500e+02	5.3016e-07
4.0600e+02	5.2925e-07
4.0700e+02	5.3095e-07
4.0800e+02	5.2000e-07
4.0900e+02	5.3669e-07
4.1000e+02	5.4592e-07
4.1100e+02	5.2931e-07
4.1200e+02	5.5866e-07
4.1300e+02	5.5653e-07
4.1400e+02	5.7145e-07
4.1500e+02	5.7281e-07
4.1600e+02	5.7186e-07
4.1700e+02	5.6465e-07
4.1800e+02	5.7722e-07
4.1900e+02	6.0076e-07
4.2000e+02	5.8642e-07
4.2100e+02	6.0179e-07
4.2200e+02	6.0102e-07
4.2300e+02	6.0513e-07
4.2400e+02	5.8820e-07
4.2500e+02	5.9735e-07
4.2600e+02	6.1796e-07
4.2700e+02	5.9176e-07
4.2800e+02	6.1095e-07
4.2900e+02	6.1116e-07
4.3000e+02	6.1100e-07
4.3100e+02	6.4337e-07
4.3200e+02	6.6043e-07
4.3300e+02	6.3402e-07
4.3400e+02	6.5968e-07
4.3500e+02	6.5456e-07
4.3600e+02	6.7627e-07
4.3700e+02	6.5825e-07
4.3800e+02	6.7142e-07
4.3900e+02	6.6547e-07
4.4000e+02	6.9234e-07
4.4100e+02	6.5863e-07
4.4200e+02	6.7838e-07
4.4300e+02	6.7045e-07
4.4400e+02	6.7638e-07
4.4500e+02	6.9699e-07
4.4600e+02	6.8684e-07
4.4700e+02	6.9057e-07
4.4800e+02	6.9156e-07
4.4900e+02	7.0732e-07
4.5000e+02	7.1667e-07
4.5100e+02	7.0831e-07
4.5200e+02	7.2784e-07
4.5300e+02	7.1677e-07
4.5400e+02	7.2527e-07
4.5500e+02	7.6554e-07
4.5600e+02	7.1853e-07
4.5700e+02	7.4502e-07
4.5800e+02	7.5378e-07
4.5900e+02	7.5689e-07
4.6000e+02	7.5129e-07
4.6100e+02	7.4710e-07
4.6200e+02	7.5492e-07
4.6300e+02	7.7896e-07
4.6400e+02	7.7850e-07
4.6500e+02	7.6804e-07
4.6600e+02	7.6443e-07
4.6700e+02	7.9465e-07
4.6800e+02	7.8366e-07
4.6900e+02	7.9643e-07
4.7000e+02	8.0279e-07
4.7100e+02	8.1234e-07
4.7200e+02	8.0642e-07
4.7300e+02	8.0183e-07
4.7400e+02	7.9104e-07
4.7500e+02	7.8665e-07
4.7600e+02	8.0312e-07
4.7700e+02	8.0582e-07
4.7800e+02	8.0992e-07
4.7900e+02	8.4310e-07
4.8000e+02	8.4521e-07
4.8100e+02	8.3867e-07
4.8200e+02	8.8511e-07
4.8300e+02	8.5258e-07
4.8400e+02	8.4692e-07
4.8500e+02	8.5879e-07
4.8600e+02	8.7763e-07
4.8700e+02	8.7212e-07
4.8800e+02	8.7125e-07
4.8900e+02	8.9365e-07
4.9000e+02	8.9596e-07
4.9100e+02	8.8959e-07
4.9200e+02	8.9865e-07
4.9300e+02	8.9921e-07
4.9400e+02	9.2445e-07
4.9500e+02	8.9548e-07
4.9600e+02	9.2859e-07
4.9700e+02	9.2026e-07
4.9800e+02	9.1735e-07
4.9900e+02	9.1920e-07
5.0000e+02	9.0927e-07
5.0100e+02	9.4154e-07
5.0200e+02	9.2975e-07
5.0300e+02	9.4231e-07
5.0400e+02	9.3511e-07
5.0500e+02	9.5845e-07
5.0600e+02	9.5261e-07
5.0700e+02	9.7026e-07
5.0800e+02	9.8444e-07
5.0900e+02	9.5816e-07
5.1000e+02	9.2919e-07
5.1100e+02	9.4397e-07
5.1200e+02	9.7117e-07
5.1300e+02	9.7319e-07
5.1400e+02	9.9386e-07
5.1500e+02	1.0222e-06
5.1600e+02	1.0327e-06
5.1700e+02	1.0142e-06
5.1800e+02	1.0338e-06
5.1900e+02	9.7798e-07
5.2000e+02	9.8630e-07
5.2100e+02	1.0083e-06
5.2200e+02	1.0209e-06
5.2300e+02	1.0406e-06
5.2400e+02	9.8634e-07
5.2500e+02	1.0102e-06
5.2600e+02	1.0402e-06
5.2700e+02	1.0976e-06
5.2800e+02	1.0246e-06
5.2900e+02	1.0751e-06
5.3000e+02	1.0959e-06
5.3100e+02	1.0845e-06
5.3200e+02	1.0759e-06
5.3300e+02	1.1149e-06
5.3400e+02	1.1295e-06
5.3500e+02	1.1182e-06
5.3600e+02	1.0987e-06
5.3700e+02	1.0894e-06
5.3800e+02	1.1274e-06
5.3900e+02	1.1227e-06
5.4000e+02	1.1411e-06
5.4100e+02	1.1210e-06
5.4200e+02	1.1344e-06
5.4300e+02	1.1383e-06
5.4400e+02	1.1589e-06
5.4500e+02	1.1216e-06
5.4600e+02	1.1720e-06
5.4700e+02	1.1451e-06
5.4800e+02	1.2091e-06
5.4900e+02	1.1711e-06
5.5000e+02	1.1929e-06
5.5100e+02	1.1739e-06
5.5200e+02	1.1926e-06
5.5300e+02	1.2384e-06
5.5400e+02	1.2371e-06
5.5500e+02	1.2074e-06
5.5600e+02	1.2323e-06
5.5700e+02	1.2195e-06
5.5800e+02	1.2328e-06
5.5900e+02	1.2773e-06
5.6000e+02	1.2440e-06
5.6100e+02	1.2783e-06
5.6200e+02	1.2743e-06
5.6300e+02	1.2578e-06
5.6400e+02	1.3548e-06
5.6500e+02	1.3481e-06
5.6600e+02	1.3511e-06
5.6700e+02	1.2726e-06
5.6800e+02	1.3686e-06
5.6900e+02	1.3190e-06
5.7000e+02	1.3343e-06
5.7100e+02	1.3998e-06
5.7200e+02	1.3691e-06
5.7300e+02	1.3856e-06
5.7400e+02	1.3433e-06
5.7500e+02	1.3738e-06
5.7600e+02	1.3211e-06
5.7700e+02	1.3963e-06
5.7800e+02	1.3679e-06
5.7900e+02	1.3823e-06
5.8000e+02	1.3783e-06
5.8100e+02	1.4450e-06
5.8200e+02	1.4006e-06
5.8300e+02	1.4157e-06
5.8400e+02	1.3499e-06
5.8500e+02	1.4126e-06
5.8600e+02	1.4550e-06
5.8700e+02	1.4224e-06
5.8800e+02	1.4678e-06
5.8900e+02	1.5115e-06
5.9000e+02	1.5080e-06
5.9100e+02	1.4987e-06
5.9200e+02	1.5198e-06
5.9300e+02	1.5674e-06
5.9400e+02	1.4463e-06
5.9500e+02	1.5112e-06
5.9600e+02	1.4782e-06
5.9700e+02	1.5461e-06
5.9800e+02	1.4358e-06
5.9900e+02	1.5094e-06
6.0000e+02	1.4411e-06
6.0100e+02	1.5159e-06
6.0200e+02	1.4950e-06
6.0300e+02	1.5440e-06
6.0400e+02	1.4595e-06
6.0500e+02	1.5676e-06
6.0600e+02	1.4885e-06
6.0700e+02	1.4878e-06
6.0800e+02	1.6264e-06
6.0900e+02	1.5780e-06
6.1000e+02	1.5862e-06
6.1100e+02	1.5342e-06
6.1200e+02	1.5890e-06
6.1300e+02	1.6890e-06
6.1400e+02	1.5751e-06
6.1500e+02	1.5426e-06
6.1600e+02	1.5433e-06
6.1700e+02	1.5203e-06
6.1800e+02	1.5855e-06
6.1900e+02	1.5889e-06
6.2000e+02	1.6240e-06
6.2100e+02	1.5851e-06
6.2200e+02	1.6287e-06
6.2300e+02	1.5302e-06
6.2400e+02	1.6105e-06
6.2500e+02	1.5904e-06
6.2600e+02	1.6401e-06
6.2700e+02	1.6357e-06
6.2800e+02	1.6150e-06
6.2900e+02	1.6300e-06
6.3000e+02	1.6197e-06
6.3100e+02	1.6607e-06
6.3200e+02	1.5901e-06
6.3300e+02	1.5549e-06
6.3400e+02	1.6875e-06
6.3500e+02	1.6379e-06
6.3600e+02	1.5659e-06
6.3700e+02	1.6432e-06
6.3800e+02	1.7210e-06
6.3900e+02	1.6249e-06
6.4000e+02	1.6616e-06
6.4100e+02	1.7394e-06
6.4200e+02	1.7174e-06
6.4300e+02	1.7430e-06
6.4400e+02	1.6654e-06
6.4500e+02	1.7086e-06
6.4600e+02	1.8047e-06
6.4700e+02	1.9028e-06
6.4800e+02	1.6873e-06
6.4900e+02	1.7677e-06
6.5000e+02	1.7636e-06
6.5100e+02	1.7422e-06
6.5200e+02	1.8222e-06
6.5300e+02	1.9164e-06
6.5400e+02	1.7766e-06
6.5500e+02	1.7879e-06
6.5600e+02	1.7171e-06
6.5700e+02	1.8315e-06
6.5800e+02	1.7194e-06
6.5900e+02	1.8931e-06
6.6000e+02	1.8490e-06
6.6100e+02	1.7791e-06
6.6200e+02	1.8972e-06
6.6300e+02	1.9006e-06
6.6400e+02	1.9749e-06
6.6500e+02	1.7527e-06
6.6600e+02	1.8566e-06
6.6700e+02	1.8920e-06
6.6800e+02	1.9644e-06
6.6900e+02	1.9365e-06
6.7000e+02	1.9779e-06
6.7100e+02	1.8904e-06
6.7200e+02	1.8498e-06
6.7300e+02	2.0495e-06
6.7400e+02	1.9528e-06
6.7500e+02	1.9147e-06
6.7600e+02	1.8358e-06
6.7700e+02	2.0427e-06
6.7800e+02	2.0322e-06
6.7900e+02	2.0398e-06
6.8000e+02	2.0274e-06
6.8100e+02	2.0556e-06
6.8200e+02	2.1190e-06
6.8300e+02	2.0083e-06
6.8400e+02	2.0013e-06
6.8500e+02	1.9405e-06
6.8600e+02	1.9899e-06
6.8700e+02	2.1336e-06
6.8800e+02	2.0950e-06
6.8900e+02	2.1949e-06
6.9000e+02	2.1605e-06
6.9100e+02	2.1797e-06
6.9200e+02	2.2282e-06
6.9300e+02	2.1856e-06
6.9400e+02	2.0785e-06
6.9500e+02	2.2051e-06
6.9600e+02	2.1973e-06
6.9700e+02	2.1190e-06
6.9800e+02	2.2687e-06
6.9900e+02	2.1858e-06
7.0000e+02	2.2583e-06
7.0100e+02	2.2237e-06
7.0200e+02	2.3546e-06
7.0300e+02	2.2657e-06
7.0400e+02	2.1896e-06
7.0500e+02	2.3020e-06
7.0600e+02	2.3098e-06
7.0700e+02	2.3769e-06
7.0800e+02	2.3219e-06
7.0900e+02	2.3914e-06
7.1000e+02	2.3212e-06
7.1100e+02	2.2443e-06
7.1200e+02	2.3614e-06
7.1300e+02	2.3895e-06
7.1400e+02	2.4740e-06
7.1500e+02	2.4284e-06
7.1600e+02	2.3479e-06
7.1700e+02	2.4482e-06
7.1800e+02	2.5445e-06
7.1900e+02	2.5347e-06
7.2000e+02	2.4007e-06
7.2100e+02	2.6230e-06
7.2200e+02	2.4558e-06
7.2300e+02	2.4301e-06
7.2400e+02	2.6378e-06
7.2500e+02	2.5173e-06
7.2600e+02	2.5659e-06
7.2700e+02	2.6489e-06
7.2800e+02	2.6017e-06
7.2900e+02	2.6610e-06
7.3000e+02	2.6966e-06
7.3100e+02	2.7050e-06
7.3200e+02	2.8431e-06
7.3300e+02	2.6840e-06
7.3400e+02	2.7094e-06
7.3500e+02	2.6648e-06
7.3600e+02	2.7483e-06
7.3700e+02	2.9074e-06
7.3800e+02	2.9713e-06
7.3900e+02	2.5577e-06
7.4000e+02	2.7986e-06
7.4100e+02	2.9279e-06
7.4200e+02	2.8398e-06
7.4300e+02	2.8576e-06
7.4400e+02	2.6925e-06
7.4500e+02	3.0197e-06
7.4600e+02	2.9013e-06
7.4700e+02	3.2251e-06
7.4800e+02	3.0945e-06
7.4900e+02	2.9417e-06
7.5000e+02	3.1749e-06
7.5100e+02	2.9980e-06
7.5200e+02	2.9943e-06
7.5300e+02	3.1112e-06
7.5400e+02	3.1866e-06
7.5500e+02	3.3486e-06
7.5600e+02	3.2711e-06
7.5700e+02	3.3864e-06
7.5800e+02	3.0405e-06
7.5900e+02	3.3011e-06
7.6000e+02	3.2834e-06
7.6100e+02	3.3072e-06
7.6200e+02	3.1906e-06
7.6300e+02	3.2998e-06
7.6400e+02	3.3841e-06
7.6500e+02	3.4832e-06
7.6600e+02	3.5734e-06
7.6700e+02	3.7715e-06
7.6800e+02	3.6763e-06
7.6900e+02	3.5248e-06
7.7000e+02	3.3269e-06
7.7100e+02	3.6779e-06
7.7200e+02	3.7174e-06
7.7300e+02	3.5531e-06
7.7400e+02	3.7060e-06
7.7500e+02	3.5403e-06
7.7600e+02	3.7742e-06
7.7700e+02	4.2169e-06
7.7800e+02	3.6302e-06
7.7900e+02	3.9128e-06
7.8000e+02	4.2277e-06
7.8100e+02	4.2061e-06
7.8200e+02	3.7812e-06
7.8300e+02	3.8971e-06
7.8400e+02	4.0294e-06
7.8500e+02	4.1701e-06
7.8600e+02	4.1596e-06
7.8700e+02	4.3822e-06
7.8800e+02	4.0055e-06
7.8900e+02	3.8910e-06
7.9000e+02	4.2096e-06
7.9100e+02	4.1500e-06
7.9200e+02	4.2716e-06
7.9300e+02	3.8447e-06
7.9400e+02	4.5508e-06
7.9500e+02	4.1129e-06
7.9600e+02	4.4206e-06
7.9700e+02	4.5332e-06
7.9800e+02	4.8912e-06
7.9900e+02	4.3785e-06
8.0000e+02	4.7766e-06
8.0100e+02	4.6296e-06
8.0200e+02	4.7112e-06
8.0300e+02	4.5327e-06
8.0400e+02	5.0319e-06
8.0500e+02	4.9983e-06
8.0600e+02	4.8110e-06
8.0700e+02	5.1155e-06
8.0800e+02	4.9482e-06
8.0900e+02	5.0283e-06
8.1000e+02	5.1936e-06
8.1100e+02	5.2674e-06
8.1200e+02	4.7260e-06
8.1300e+02	4.8766e-06
8.1400e+02	5.4783e-06
8.1500e+02	5.1372e-06
8.1600e+02	5.3214e-06
8.1700e+02	4.8273e-06
8.1800e+02	5.4047e-06
8.1900e+02	5.6650e-06
8.2000e+02	5.2529e-06
8.2100e+02	5.6862e-06
8.2200e+02	5.7841e-06
8.2300e+02	6.3581e-06
8.2400e+02	6.2547e-06
8.2500e+02	5.5641e-06
8.2600e+02	5.4119e-06
8.2700e+02	5.9669e-06
8.2800e+02	6.5288e-06
8.2900e+02	5.9323e-06
8.3000e+02	6.3104e-06
8.3100e+02	6.6420e-06
8.3200e+02	6.4324e-06
8.3300e+02	5.5143e-06
8.3400e+02	5.6799e-06
8.3500e+02	6.2100e-06
8.3600e+02	6.6983e-06
8.3700e+02	6.9293e-06
8.3800e+02	6.0541e-06
8.3900e+02	6.1839e-06
8.4000e+02	7.6090e-06
8.4100e+02	6.4420e-06
8.4200e+02	7.5503e-06
8.4300e+02	7.2181e-06
8.4400e+02	6.6280e-06
8.4500e+02	7.8964e-06
8.4600e+02	6.9680e-06
8.4700e+02	6.8301e-06
8.4800e+02	6.6083e-06
8.4900e+02	7.2615e-06
8.5000e+02	7.7877e-06
8.5100e+02	8.5099e-06
8.5200e+02	6.9694e-06
8.5300e+02	6.7381e-06
8.5400e+02	7.7067e-06
8.5500e+02	8.1301e-06
8.5600e+02	8.3226e-06
8.5700e+02	8.5527e-06
8.5800e+02	9.0313e-06
8.5900e+02	8.1590e-06
8.6000e+02	7.5658e-06
8.6100e+02	8.4478e-06
8.6200e+02	8.0035e-06
8.6300e+02	8.0749e-06
8.6400e+02	8.5243e-06
8.6500e+02	8.0795e-06
8.6600e+02	8.0803e-06
8.6700e+02	8.9096e-06
8.6800e+02	8.5913e-06
8.6900e+02	9.3200e-06
8.7000e+02	8.4226e-06
8.7100e+02	1.1264e-05
8.7200e+02	9.8078e-06
8.7300e+02	8.3612e-06
8.7400e+02	9.7444e-06
8.7500e+02	9.4127e-06
8.7600e+02	1.0956e-05
8.7700e+02	9.7908e-06
8.7800e+02	9.7184e-06
8.7900e+02	1.0630e-05
8.8000e+02	9.7436e-06
8.8100e+02	9.9115e-06
8.8200e+02	1.0872e-05
8.8300e+02	9.5684e-06
8.8400e+02	1.0789e-05
8.8500e+02	1.0610e-05
8.8600e+02	1.0198e-05
8.8700e+02	1.0653e-05
8.8800e+02	1.1631e-05
8.8900e+02	1.1485e-05
8.9000e+02	1.1450e-05
8.9100e+02	1.0484e-05
8.9200e+02	1.1267e-05
8.9300e+02	1.3501e-05
8.9400e+02	1.2383e-05
8.9500e+02	1.1260e-05
8.9600e+02	1.2571e-05
8.9700e+02	1.1950e-05
8.9800e+02	1.4374e-05
8.9900e+02	1.1564e-05
9.0000e+02	1.4685e-05
9.0100e+02	1.2843e-05
9.0200e+02	1.4508e-05
9.0300e+02	1.9309e-05
9.0400e+02	1.3473e-05
9.0500e+02	1.6824e-05
9.0600e+02	1.5745e-05
9.0700e+02	1.8044e-05
9.0800e+02	1.5576e-05
9.0900e+02	1.6943e-05
9.1000e+02	1.4581e-05
9.1100e+02	1.8578e-05
9.1200e+02	1.2138e-05
9.1300e+02	1.6104e-05
9.1400e+02	1.6571e-05
9.1500e+02	1.5609e-05
9.1600e+02	1.4714e-05
9.1700e+02	2.0015e-05
9.1800e+02	1.8330e-05
9.1900e+02	1.4684e-05
9.2000e+02	1.6067e-05
9.2100e+02	2.1037e-05
9.2200e+02	1.9892e-05
9.2300e+02	1.7983e-05
9.2400e+02	1.7219e-05
9.2500e+02	1.6080e-05
9.2600e+02	1.8426e-05
9.2700e+02	1.7852e-05
9.2800e+02	2.1843e-05
9.2900e+02	1.9114e-05
9.3000e+02	2.1754e-05
9.3100e+02	2.3581e-05
9.3200e+02	2.0730e-05
9.3300e+02	1.7294e-05
9.3400e+02	1.9093e-05
9.3500e+02	1.8882e-05
9.3600e+02	1.8874e-05
9.3700e+02	1.8014e-05
9.3800e+02	2.0980e-05
9.3900e+02	2.2507e-05
9.4000e+02	2.2391e-05
9.4100e+02	2.3605e-05
9.4200e+02	2.2982e-05
9.4300e+02	2.4555e-05
9.4400e+02	2.4135e-05
9.4500e+02	2.1775e-05
9.4600e+02	1.9753e-05
9.4700e+02	2.4595e-05
9.4800e+02	2.4940e-05
9.4900e+02	2.5846e-05
9.5000e+02	2.3508e-05
9.5100e+02	2.2942e-05
9.5200e+02	2.9244e-05
9.5300e+02	2.7572e-05
9.5400e+02	2.7454e-05
9.5500e+02	2.5451e-05
9.5600e+02	2.9756e-05
9.5700e+02	2.6678e-05
9.5800e+02	2.7243e-05
9.5900e+02	2.4238e-05
9.6000e+02	3.0269e-05
9.6100e+02	2.3508e-05
9.6200e+02	2.3394e-05
9.6300e+02	2.9894e-05
9.6400e+02	3.7406e-05
9.6500e+02	3.9863e-05
9.6600e+02	3.5920e-05
9.6700e+02	3.2810e-05
9.6800e+02	3.2703e-05
9.6900e+02	3.6782e-05
9.7000e+02	4.8899e-05
9.7100e+02	2.8411e-05
9.7200e+02	3.2338e-05
9.7300e+02	3.5984e-05
9.7400e+02	3.1141e-05
9.7500e+02	3.7864e-05
9.7600e+02	3.2907e-05
9.7700e+02	2.9095e-05
9.7800e+02	3.7330e-05
9.7900e+02	3.8603e-05
9.8000e+02	3.7537e-05
9.8100e+02	3.6772e-05
9.8200e+02	4.3196e-05
9.8300e+02	4.4864e-05
9.8400e+02	5.7033e-05
9.8500e+02	4.7605e-05
9.8600e+02	4.5051e-05
9.8700e+02	5.1270e-05
9.8800e+02	3.5540e-05
9.8900e+02	6.0246e-05
9.9000e+02	3.8677e-05
9.9100e+02	4.3564e-05
9.9200e+02	4.3606e-05
9.9300e+02	6.9077e-05
9.9400e+02	6.2613e-05
9.9500e+02	6.0282e-05
9.9600e+02	5.6883e-05
9.9700e+02	4.3769e-05
9.9800e+02	6.3083e-05
9.9900e+02	5.9619e-05
1.0000e+03	6.4264e-05
1.0010e+03	9.0212e-05
1.0020e+03	5.7302e-05
1.0030e+03	6.4215e-05
1.0040e+03	1.1155e-04
1.0050e+03	4.6586e-05
1.0060e+03	5.3948e-05
1.0070e+03	4.7064e-05
1.0080e+03	6.1772e-05
1.0090e+03	4.8884e-05
1.0100e+03	7.1152e-05
1.0110e+03	7.4462e-05
1.0120e+03	6.7615e-05
1.0130e+03	8.9630e-05
1.0140e+03	6.5571e-05
1.0150e+03	7.0132e-05
1.0160e+03	7.6076e-05
1.0170e+03	5.7613e-05
1.0180e+03	8.0563e-05
1.0190e+03	7.2741e-05
1.0200e+03	1.1385e-04
1.0210e+03	7.5127e-05
1.0220e+03	8.2426e-05
1.0230e+03	7.0443e-05
1.0240e+03	9.7382e-05
